1.000000000 0.000000000 0.000000000 0.000000000 0.000000000 1.000000000 0.000000000 0.000000000 0.000000000 0.000000000 1.000000000 0.000000000
0.999980390 -0.003560648 0.005149547 -0.005673554 0.003545500 0.999989390 0.002947778 0.013001685 -0.005159989 -0.002929462 0.999982417 -0.092451788
0.999630690 0.022307301 0.015519707 0.005441551 -0.022238089 0.999741971 -0.004618154 0.048756361 -0.015618722 0.004271320 0.999868870 -0.102512054
0.999617517 0.016388616 0.022274271 -0.000776331 -0.016325992 0.999862313 -0.002990473 0.054368407 -0.022320213 0.002625681 0.999747336 -0.198510259
0.999726117 -0.004388500 0.022988658 0.024303079 0.004459777 0.999985278 -0.003050402 0.012416514 -0.022974931 0.003152091 0.999731064 -0.230770186
0.999605358 -0.004265576 0.027765933 0.013067676 0.004451864 0.999967933 -0.006650878 0.010799827 -0.027736675 0.006771863 0.999592304 -0.264613599
0.999079704 -0.023876086 0.035635132 0.040711164 0.023885062 0.999714673 0.000173868 0.033300955 -0.035629123 0.000677440 0.999364793 -0.345412701
0.999476850 -0.016821474 0.027623102 0.242343426 0.016731769 0.999853969 0.003475559 -0.059203357 -0.027677529 -0.003011557 0.999612391 -0.087464005
0.999547124 -0.015424660 0.025837805 0.235869229 0.015355031 0.999877930 0.002891146 -0.054621417 -0.025879245 -0.002493096 0.999661982 -0.147102296
0.999512017 -0.018429659 0.025220625 0.235802457 0.018272858 0.999812484 0.006433681 -0.053789739 -0.025334463 -0.005969691 0.999661207 -0.221741080
0.999581337 -0.018495698 0.022250203 0.240717649 0.018253675 0.999772549 0.011031718 -0.034664571 -0.022449182 -0.010620951 0.999691546 -0.179449245
0.999539733 -0.021051336 0.021843966 0.227841303 0.020794200 0.999712586 0.011932845 -0.032522384 -0.022088889 -0.011473125 0.999690175 -0.277071089
0.999623239 -0.016444521 0.021976739 0.193674281 0.016270375 0.999834895 0.008079486 -0.009961524 -0.022105979 -0.007718872 0.999725759 -0.520734429
0.999398828 -0.024893796 0.024130911 0.188544050 0.024635935 0.999636829 0.010924977 -0.009571712 -0.024394110 -0.010323920 0.999649107 -0.837040186
0.999256492 -0.020015327 0.032953091 0.153373390 0.019880360 0.999792576 0.004418336 0.001818797 -0.033034693 -0.003759933 0.999447048 -1.157919884
0.999282718 -0.009715464 0.036601264 0.117234416 0.009637773 0.999950886 0.002298486 0.004328864 -0.036621794 -0.001944083 0.999327421 -1.503409386
0.998845398 -0.020041132 0.043660775 0.100567296 0.020186577 0.999792039 -0.002892744 0.024251573 -0.043593727 0.003770766 0.999042213 -1.777312636
0.999398768 -0.009478484 0.033350542 0.079361536 0.009167973 0.999913275 0.009451134 0.041371822 -0.033437237 -0.009139695 0.999398947 -2.018188715
1.000000000 0.000000000 0.000000000 0.000000000 0.000000000 1.000000000 0.000000000 0.000000000 0.000000000 0.000000000 1.000000000 0.000000000
1.000000000 0.000000000 0.000000000 0.000000000 0.000000000 1.000000000 0.000000000 0.000000000 0.000000000 0.000000000 1.000000000 0.000000000
1.000000000 0.000000000 0.000000000 0.000000000 0.000000000 1.000000000 0.000000000 0.000000000 0.000000000 0.000000000 1.000000000 0.000000000
1.000000000 0.000000000 0.000000000 0.000000000 0.000000000 1.000000000 0.000000000 0.000000000 0.000000000 0.000000000 1.000000000 0.000000000
0.999806941 0.012586962 0.015089070 -0.046083771 -0.012711762 0.999885559 0.008203647 0.007563802 -0.014984085 -0.008393871 0.999852419 -0.451962620
0.999458969 0.004777221 0.032541141 -0.062552251 -0.004927997 0.999977589 0.004554774 0.051366698 -0.032518640 -0.004712673 0.999460042 -0.726960540
1.000000000 0.000000000 0.000000000 0.000000000 0.000000000 1.000000000 0.000000000 0.000000000 0.000000000 0.000000000 1.000000000 0.000000000
1.000000000 0.000000000 0.000000000 0.000000000 0.000000000 1.000000000 0.000000000 0.000000000 0.000000000 0.000000000 1.000000000 0.000000000
0.999898612 0.013723630 -0.003796004 -0.113490179 -0.013725715 0.999905646 -0.000523414 -0.002176034 0.003788463 0.000575464 0.999992609 -1.197863698
0.999764800 0.009995129 -0.019243328 -0.074558005 -0.009960043 0.999948561 0.001918203 0.050624046 0.019261507 -0.001726088 0.999813080 -2.305940151
0.999576509 0.004506303 -0.028748805 -0.060978591 -0.004357327 0.999976754 0.005242564 0.091504268 0.028771756 -0.005115076 0.999572933 -2.968690157
0.999297023 0.006708724 -0.036887027 -0.049514711 -0.006528723 0.999966204 0.004998122 0.144862816 0.036919307 -0.004753783 0.999306917 -3.653011560
0.998516023 0.011759480 -0.053174216 -0.061920583 -0.011392420 0.999909163 0.007200828 0.173920214 0.053254053 -0.006584359 0.998559237 -4.582252502
0.998883486 -0.004953812 -0.046981480 -0.012481123 0.005104784 0.999982178 0.003094011 0.183598012 0.046965308 -0.003330387 0.998891115 -5.606790066
0.998579681 0.007280029 -0.052778892 0.042188823 -0.007202101 0.999972701 0.001666537 0.228191599 0.052789576 -0.001284051 0.998604834 -6.538612366
0.997916341 0.012115390 -0.063373730 0.066374630 -0.011620470 0.999899030 0.008172341 0.283822417 0.063466363 -0.007418880 0.997956395 -7.335950375
0.998925865 -0.003490495 -0.046205524 -0.011228025 0.003584994 0.999991655 0.001962479 0.276216269 0.046198286 -0.002126018 0.998930037 -8.101524353
0.999127805 0.013022829 -0.039675750 -0.018608004 -0.012565590 0.999851942 0.011752010 0.311020136 0.039822925 -0.011243211 0.999143481 -8.595516205
0.998774052 0.035560608 -0.034436397 -0.075487703 -0.035314355 0.999346435 0.007733012 0.354741126 0.034688879 -0.006507433 0.999376953 -9.000157356
0.999454379 0.025254155 -0.021283811 -0.111754507 -0.025118468 0.999662578 0.006618485 0.380729169 0.021443769 -0.006080257 0.999751508 -9.330528259
0.998924255 0.045079920 -0.010863501 -0.109610863 -0.044954117 0.998922110 0.011558854 0.411376715 0.011372864 -0.011058061 0.999874175 -9.555798531
0.999597311 0.028349387 0.001212533 -0.118644536 -0.028352138 0.999595344 0.002311629 0.465748608 -0.001146510 -0.002345077 0.999996543 -9.746615410
0.999652743 0.026323428 0.001214199 -0.147563398 -0.026322294 0.999653041 -0.000940543 0.500383496 -0.001238536 0.000908256 0.999998808 -10.006999969
0.999749124 0.022058845 0.003881280 -0.186744481 -0.022087893 0.999727070 0.007606665 0.490172505 -0.003712426 -0.007690486 0.999963522 -10.467990875
0.999634504 0.026463021 0.005512631 -0.233759403 -0.026480479 0.999644399 0.003118266 0.542179346 -0.005428152 -0.003263104 0.999979973 -10.722526550
0.999532640 0.029584330 0.007699069 -0.276859671 -0.029635483 0.999539018 0.006616957 0.577125907 -0.007499760 -0.006842030 0.999948442 -11.054391861
0.999667287 0.025283579 0.005107312 -0.324258029 -0.025345756 0.999600589 0.012500456 0.621318221 -0.004789216 -0.012625744 0.999908805 -11.364480019
0.999964833 0.006406199 -0.005415278 -0.369248688 -0.006365021 0.999950945 0.007587458 0.659939170 0.005463620 -0.007552722 0.999956489 -11.609931946
0.999786794 0.013374200 -0.015738085 -0.389706194 -0.013315267 0.999903977 0.003843551 0.681064367 0.015787976 -0.003633174 0.999868751 -11.806117058
0.999154925 0.022681518 -0.034277808 -0.411972672 -0.022438092 0.999720335 0.007469750 0.719374776 0.034437645 -0.006694307 0.999384403 -12.117113113
0.998261631 0.013254232 -0.057428073 -0.410886288 -0.012734268 0.999874651 0.009410724 0.739896595 0.057545610 -0.008663059 0.998305202 -12.499578476
0.996505797 0.014630050 -0.082232751 -0.285102487 -0.013280313 0.999768317 0.016936764 0.706509352 0.082461484 -0.015785506 0.996469140 -13.259795189
0.993939757 0.024776135 -0.107097484 -0.102861762 -0.023488034 0.999635994 0.013272252 0.683077812 0.107387334 -0.010676309 0.994159937 -13.939785004
0.992118001 0.011107509 -0.124813877 0.043403625 -0.009731869 0.999885082 0.011625867 0.688515782 0.124928683 -0.010319558 0.992112041 -14.582975388
0.991251111 0.016803941 -0.130915418 0.112656116 -0.014148927 0.999675512 0.021184256 0.702756405 0.131228909 -0.019146606 0.991167188 -15.174818993
0.989337385 0.021917338 -0.143982872 0.246262312 -0.020063641 0.999696255 0.014313973 0.739555955 0.144252852 -0.011272528 0.989476621 -15.737767220
0.989446342 0.002474574 -0.144878119 0.282679319 -0.000396452 0.999896586 0.014371053 0.752713382 0.144898698 -0.014161951 0.989345133 -16.180587769
0.987625003 0.023718167 -0.155029535 0.331147671 -0.020028042 0.999478698 0.025321677 0.761766016 0.155549347 -0.021903384 0.987585247 -16.782522202
0.991175950 0.020610923 -0.130940452 0.377753973 -0.018012282 0.999617159 0.020999549 0.783462048 0.131323144 -0.018455714 0.991167784 -17.203742981
0.994930863 0.010535141 -0.100007690 0.419844031 -0.008186536 0.999681652 0.023865666 0.798640430 0.100227281 -0.022925973 0.994700432 -17.456174850
0.996638358 0.021236580 -0.079126425 0.515452087 -0.019636892 0.999587834 0.020940498 0.869649112 0.079538517 -0.019316304 0.996644557 -17.635681152
0.998008490 0.027547620 -0.056745041 0.583214521 -0.026551904 0.999481201 0.018227126 0.882757545 0.057217721 -0.016684143 0.998222291 -17.918367386
0.999057055 0.021303212 -0.037830796 0.619209170 -0.020516388 0.999567688 0.021066364 0.923913896 0.038263209 -0.020270349 0.999062061 -18.162656784
0.999065816 0.031432316 -0.029657938 0.656185925 -0.030640738 0.999171674 0.026777785 0.930168867 0.030475061 -0.025844026 0.999201357 -18.523237228
0.999148011 0.036286496 -0.019660704 0.701909840 -0.036008433 0.999248922 0.014316704 0.931085527 0.020165438 -0.013596553 0.999704182 -19.108850479
0.999726474 0.023386745 0.000121212 0.666716218 -0.023384498 0.999527276 0.019958304 0.894307196 0.000345601 -0.019955676 0.999800742 -19.760290146
0.999697328 0.024578042 0.001045524 0.670713127 -0.024592225 0.999554217 0.016927691 0.975626171 -0.000629009 -0.016948283 0.999856174 -19.533182144
0.999555230 0.027531959 0.011461549 0.717899680 -0.027659349 0.999555707 0.011108519 0.995389521 -0.011150621 -0.011420597 0.999872565 -19.736404419
0.999841750 0.012288315 0.012862785 0.776932836 -0.012481948 0.999808311 0.015083505 1.019728661 -0.012674969 -0.015241670 0.999803483 -20.061277390
0.999777079 0.020807400 0.003588013 0.873914599 -0.020867717 0.999625862 0.017682534 1.089023352 -0.003218743 -0.017753467 0.999837220 -20.446594238
0.999604881 0.027568312 0.005472585 0.886232376 -0.027607385 0.999592900 0.007197783 1.112058520 -0.005271927 -0.007346026 0.999959111 -20.825590134
0.999852121 0.016015908 0.006261226 0.991304278 -0.016092040 0.999794900 0.012303936 1.076229572 -0.006062883 -0.012402874 0.999904692 -20.892635345
0.999766171 0.021610323 0.000760322 1.037991405 -0.021622745 0.999433577 0.025783829 1.072515249 -0.000202694 -0.025794242 0.999667287 -21.326560974
0.999746859 0.020807408 0.008550760 0.993181765 -0.020896213 0.999727249 0.010430634 1.063364983 -0.008331393 -0.010606672 0.999909043 -21.522567749
0.999758661 0.018575700 0.011729900 0.984433293 -0.018549124 0.999825120 -0.002370540 1.088655233 -0.011771882 0.002152390 0.999928415 -21.777650833
0.999883950 0.015090322 -0.002081547 0.977602422 -0.015099579 0.999875844 -0.004504206 1.085596800 0.002013319 0.004535114 0.999987662 -21.129184723
0.999694586 -0.024164522 -0.005206335 0.942544580 0.024122935 0.999677718 -0.007908582 1.074115992 0.005395764 0.007780573 0.999955177 -20.719913483
0.999504328 -0.030937146 -0.005831580 0.980689049 0.030894756 0.999496520 -0.007223994 1.105428219 0.006052134 0.007040249 0.999956906 -21.032609940
0.999435246 -0.031810910 -0.010842109 1.041793346 0.031811092 0.999493837 -0.000156239 1.130594134 0.010841593 -0.000188748 0.999941230 -21.429672241
0.999554396 -0.029834697 -0.000927940 1.054715037 0.029826822 0.999526501 -0.007574600 1.196870327 0.001153487 0.007543549 0.999970853 -21.771036148
0.999087393 -0.042393386 0.005209107 1.099013448 0.042413298 0.999092996 -0.003774685 1.213251829 -0.005044361 0.003992176 0.999979317 -22.228677750
0.999208868 -0.038154628 0.011221288 1.089696050 0.038169011 0.999270737 -0.001070512 1.241685152 -0.011172257 0.001497970 0.999936461 -22.657258987
0.999070287 -0.038343009 0.019706318 1.068091631 0.038368367 0.999263227 -0.000910054 1.278978825 -0.019656902 0.001665307 0.999805510 -23.045604706
0.998582900 -0.047339819 0.024312682 1.059308767 0.047307473 0.998878539 0.001904468 1.292788148 -0.024375575 -0.000751598 0.999702573 -23.526029587
0.998243988 -0.047484390 0.035414349 0.997493505 0.047664504 0.998854339 -0.004258589 1.310473919 -0.035171546 0.005939119 0.999363661 -24.045629501
0.998734891 -0.035917178 0.035192758 0.954158723 0.035776075 0.999349117 0.004630974 1.315495610 -0.035336182 -0.003366057 0.999369800 -24.475891113
0.997626543 -0.058761578 0.035891224 0.960141242 0.058662046 0.998270571 0.003820738 1.315671325 -0.036053669 -0.001706217 0.999348402 -24.866893768
0.998133779 -0.052097678 0.031854145 0.908809781 0.051929738 0.998632252 0.006077551 1.321209908 -0.032127198 -0.004412033 0.999474049 -25.356607437
0.999297500 -0.035609957 0.011676249 0.903719664 0.035446517 0.999274671 0.013917521 1.373066425 -0.012163381 -0.013493864 0.999834836 -25.822551727
0.999894142 -0.011656022 0.008703516 0.794893384 0.011491069 0.999757826 0.018767826 1.342365980 -0.008920169 -0.018665830 0.999785900 -26.253957748
0.999545038 0.030004820 -0.003074420 0.790369332 -0.029988548 0.999536693 0.005208598 1.570518851 0.003229278 -0.005114031 0.999981642 -26.898256302
0.998814464 0.040995061 -0.026250081 0.865050793 -0.040767755 0.999126792 0.009136657 1.509067893 0.026601715 -0.008055669 0.999613643 -27.214405060
0.998705089 0.031730562 -0.039767597 0.861227393 -0.030950848 0.999319315 0.020071622 1.510708094 0.040377419 -0.018814791 0.999007344 -27.469835281
0.998377144 0.024412569 -0.051450346 0.849334955 -0.024000913 0.999674857 0.008603781 1.513318539 0.051643655 -0.007354964 0.998638630 -27.470901489
0.997567475 0.019666297 -0.066874892 0.862673879 -0.019759450 0.999804437 -0.000731692 1.561956644 0.066847406 0.002051323 0.997761130 -27.540817261
0.996033549 0.022783367 -0.086012356 0.880585551 -0.021769766 0.999682307 0.012704138 1.566942573 0.086274475 -0.010781279 0.996213138 -27.636068344
0.994256496 0.018950079 -0.105332159 0.904249430 -0.017550850 0.999745190 0.014195111 1.549282551 0.105574340 -0.012264914 0.994335711 -27.809242249
0.993148446 0.009662968 -0.116458818 0.895020962 -0.008636681 0.999919295 0.009313865 1.539110661 0.116539396 -0.008244231 0.993151963 -27.644752502
0.992018521 0.012630678 -0.125458181 0.891015053 -0.012732822 0.999918938 -0.000012291 1.569964528 0.125447854 0.001609630 0.992098927 -27.760087967
0.991428494 -0.008431421 -0.130377859 0.911320686 0.009181704 0.999944508 0.005154639 1.554847836 0.130327195 -0.006307547 0.991450965 -27.983987808
0.989102602 -0.004275791 -0.147165567 0.950194836 0.006138909 0.999906659 0.012208145 1.568658233 0.147099659 -0.012978547 0.989036500 -28.232780457
0.987799525 -0.007258332 -0.155561745 0.977843046 0.010223798 0.999780893 0.018271349 1.561051488 0.155395016 -0.019638864 0.987657189 -28.306430817
0.985827625 0.005764537 -0.167662144 0.977807760 -0.001209795 0.999627709 0.027255660 1.568379641 0.167756841 -0.026666548 0.985467732 -28.480630875
0.984662533 -0.000711547 -0.174468324 0.967802525 0.005309190 0.999650776 0.025887005 1.612771749 0.174388975 -0.026416248 0.984322429 -28.552410126
0.983588874 -0.002329730 -0.180409402 1.076936245 0.005781486 0.999810100 0.018609436 1.592728257 0.180331796 -0.019347066 0.983415484 -28.801265717
0.983495951 0.016068639 -0.180214837 1.150952339 -0.012009072 0.999649405 0.023594804 1.532056928 0.180530787 -0.021041181 0.983344257 -29.326501846
0.982944727 0.008023565 -0.183725983 1.236338139 -0.003586011 0.999694049 0.024472641 1.608774066 0.183866099 -0.023396406 0.982672811 -29.620393753
0.984337568 0.009829229 -0.176019713 1.269208908 -0.005350385 0.999650121 0.025901686 1.597034812 0.176212728 -0.024554225 0.984045804 -29.679084778
0.986705363 0.012017990 -0.162074313 1.251707077 -0.007967707 0.999640167 0.025617149 1.569751501 0.162323803 -0.023985220 0.986445963 -29.666013718
0.988186777 0.009558170 -0.152956128 1.296239614 -0.005437512 0.999611497 0.027335800 1.584951639 0.153157979 -0.026181176 0.987854838 -30.004695892
0.990064204 -0.002493244 -0.140593767 1.286445141 0.006552537 0.999574602 0.028416969 1.614671588 0.140463144 -0.029055873 0.989659488 -30.200534821
0.992566288 0.004906493 -0.121605575 1.300781488 -0.000600655 0.999372363 0.035419628 1.621416569 0.121703029 -0.035083286 0.991946340 -30.387681961
0.993728220 0.008111984 -0.111527860 1.323826551 -0.003601633 0.999169767 0.040583618 1.608340025 0.111764453 -0.039927404 0.992932260 -30.680936813
0.995020986 0.003788583 -0.099593155 1.288815260 0.000407830 0.999114096 0.042081453 1.667920589 0.099664353 -0.041912552 0.994137943 -31.052417755
0.995850325 0.002983753 -0.090958178 1.368068695 0.001019598 0.999033809 0.043934885 1.572017431 0.091001406 -0.043845311 0.994885027 -31.394451141
0.996914566 0.014425378 -0.077157766 1.379036069 -0.010740759 0.998791456 0.047957949 1.595980644 0.077756345 -0.046981238 0.995864868 -31.695480347
0.996541560 0.046744894 -0.068700857 1.457499743 -0.045030490 0.998639464 0.026295749 1.938160419 0.069836572 -0.023111178 0.997290611 -31.981441498
0.997438252 0.044735283 -0.055817541 1.497742414 -0.043467589 0.998773158 0.023722937 1.941100121 0.056810319 -0.021235913 0.998159111 -32.302799225
0.997201383 0.060313229 -0.044178866 1.486130834 -0.059064396 0.997831464 0.029048581 1.980748296 0.045835081 -0.026357885 0.998601198 -32.512809753
0.998807609 0.040524505 -0.027222579 1.474686861 -0.039822403 0.998872161 0.025856381 1.987303972 0.028239693 -0.024741482 0.999294937 -32.789096832
0.998677194 0.051030044 -0.006306249 1.486186504 -0.050902784 0.998524368 0.018916229 1.979990721 0.007262239 -0.018570205 0.999801278 -33.004238129
0.998555183 0.052845739 0.009740787 1.550760865 -0.053125411 0.998102605 0.031124463 1.938175917 -0.008077513 -0.031596974 0.999468029 -33.300056458
0.998345912 0.050052907 0.028286941 1.470679045 -0.050567977 0.998562038 0.017796211 2.024156570 -0.027355516 -0.019197190 0.999441385 -33.568870544
0.995881498 0.063914940 0.064303815 1.178129673 -0.065491155 0.997594595 0.022708105 2.028929234 -0.062697761 -0.026825912 0.997672021 -34.390819550
0.995807528 0.061323524 0.067873240 1.236906290 -0.061674692 0.998091519 0.003088692 2.026406765 -0.067554280 -0.007261804 0.997689188 -34.863952637
0.995501399 0.046472799 0.082565770 1.292324066 -0.046578895 0.998914421 -0.000641814 2.049140215 -0.082505949 -0.003206896 0.996585548 -35.019409180
0.995196939 0.051858146 0.083028823 1.414715767 -0.049940504 0.998439014 -0.025010070 2.187979937 -0.084196195 0.020743448 0.996233284 -35.003017426
0.997105718 0.028668433 0.070415638 1.571105003 -0.028557314 0.999588788 -0.002584486 2.086807013 -0.070460796 0.000566124 0.997514367 -35.107067108
0.996805131 -0.004054392 0.079768874 1.555132866 0.004248399 0.999988377 -0.002262539 2.105647087 -0.079758771 0.002594200 0.996810794 -35.643657684
0.997637331 0.029278476 0.062149204 1.517124891 -0.029285096 0.999570787 -0.000804579 2.093980789 -0.062146086 -0.001017368 0.998066545 -35.930320740
0.998307943 0.028138034 0.050887678 1.374872088 -0.027454732 0.999523938 -0.014077314 2.203186274 -0.051259559 0.012656385 0.998605311 -36.399742126
0.998784363 0.032633521 0.036947228 1.290210485 -0.032114614 0.999378204 -0.014552266 2.226342678 -0.037399143 0.013348027 0.999211311 -36.967746735
0.998985350 0.043059576 0.013190635 1.288569689 -0.043050099 0.999072373 -0.001001747 2.150023937 -0.013221532 0.000432873 0.999912500 -37.725467682
0.999224544 0.038073123 -0.010037275 1.268280745 -0.037917349 0.999164104 0.015277904 2.140971422 0.010610562 -0.014885467 0.999832869 -38.247837067
0.999302030 0.018258745 -0.032589946 1.336214066 -0.017729906 0.999707580 0.016442928 2.115983486 0.032880645 -0.015853634 0.999333560 -38.498325348
0.998785198 0.030222168 -0.038918611 1.293260574 -0.029817596 0.999495566 0.010934241 2.173130989 0.039229430 -0.009760501 0.999182582 -38.737670898
0.998520613 0.018193778 -0.051240534 1.283009887 -0.017926019 0.999823093 0.005680332 2.171327353 0.051334813 -0.004753389 0.998670161 -38.950374603
0.996616006 0.032608595 -0.075453773 1.280033588 -0.032316342 0.999464750 0.005091310 2.190562248 0.075579412 -0.002635690 0.997136235 -39.134002686
0.995817184 0.021943655 -0.088693857 1.264989614 -0.021436911 0.999748051 0.006662066 2.205863476 0.088817708 -0.004732877 0.996036589 -39.410057068
0.994611204 0.023381544 -0.101004168 1.297318697 -0.023166809 0.999726176 0.003298614 2.263513565 0.101053625 -0.000940894 0.994880557 -39.735767365
0.993569911 0.034066021 -0.107974716 1.289299250 -0.034377798 0.999408484 -0.001026853 2.274269819 0.107875869 0.004732185 0.994153082 -39.936004639
0.992779076 0.039734811 -0.113184318 1.283039808 -0.039757550 0.999207258 0.002057161 2.294112206 0.113176323 0.002457625 0.993571877 -40.118362427
0.991981566 0.047300164 -0.117197141 1.270046711 -0.047452003 0.998872340 0.001495872 2.322968006 0.117135748 0.004077361 0.993107557 -40.269355774
0.991796434 0.037334040 -0.122253865 1.308941364 -0.036956619 0.999302447 0.005354119 2.315481663 0.122368485 -0.000792108 0.992484450 -40.391899109
0.991183400 0.041422259 -0.125855893 1.305890560 -0.040734924 0.999137819 0.008031147 2.320461988 0.126080006 -0.002833607 0.992016017 -40.477054596
0.990951240 0.040543288 -0.127952546 1.307548046 -0.039746922 0.999171197 0.008772189 2.324687958 0.128202155 -0.003607091 0.991741478 -40.545623779
0.990572035 0.043298680 -0.129971310 1.307994366 -0.042078238 0.999040723 0.012122826 2.334677935 0.130371600 -0.006539565 0.991443574 -40.569694519
0.990147531 0.043202065 -0.133197501 1.309166431 -0.042248920 0.999057293 0.009975220 2.338970900 0.133502901 -0.004249487 0.991039395 -40.635910034
0.990083933 0.042046104 -0.134036914 1.328332424 -0.041186836 0.999109328 0.009178280 2.322715044 0.134303421 -0.003566712 0.990933776 -40.721363068
0.989939749 0.041363012 -0.135308668 1.330039978 -0.040476132 0.999137223 0.009300110 2.331544638 0.135576576 -0.003729777 0.990759850 -40.709049225
0.989994466 0.040996484 -0.135020494 1.327536106 -0.039978094 0.999148011 0.010246399 2.326425314 0.135325551 -0.004746014 0.990789950 -40.715415955
0.989769161 0.043216221 -0.135975450 1.331473827 -0.041648865 0.999029219 0.014351954 2.337904453 0.136463657 -0.008541898 0.990608275 -40.739723206
0.990454853 0.045773208 -0.130015537 1.333219528 -0.043548696 0.998852968 0.019902956 2.342771769 0.130777434 -0.014050972 0.991312206 -40.841144562
0.991718829 0.033444501 -0.123996764 1.344901562 -0.031921875 0.999388933 0.014246601 2.366849184 0.124397434 -0.010170415 0.992180347 -40.994098663
0.992698550 0.034730360 -0.115513816 1.372660637 -0.033369068 0.999349236 0.013698217 2.359457970 0.115914389 -0.009743611 0.993211389 -41.467948914
0.994235158 0.045172974 -0.097241245 1.368966818 -0.043825343 0.998911858 0.015951281 2.395793438 0.097856000 -0.011597693 0.995132983 -41.825069427
0.995502949 0.040977042 -0.085409641 1.404407263 -0.039407019 0.999023318 0.019988684 2.397837400 0.086145297 -0.016533054 0.996145368 -42.106445312
0.996548057 0.028524874 -0.077962972 1.470440269 -0.026915418 0.999403954 0.021617506 2.399223804 0.078533135 -0.019444479 0.996721864 -42.334800720
0.997515082 0.033162497 -0.062162139 1.448325753 -0.032323144 0.999372840 0.014460189 2.426261187 0.062602691 -0.012414978 0.997961402 -42.647964478
0.996826708 0.042594042 -0.067249201 1.440999269 -0.041219562 0.998914480 0.021696229 2.453455448 0.068100326 -0.018855397 0.997500241 -42.986831665
0.996036232 0.037570000 -0.080624543 1.454630136 -0.036171746 0.999169946 0.018734457 2.487991571 0.081261471 -0.015743868 0.996568441 -43.254283905
0.994785309 0.026957950 -0.098364115 1.479331255 -0.026359573 0.999625325 0.007378079 2.543920040 0.098526150 -0.004746770 0.995123208 -43.687091827
0.990694046 0.042995162 -0.129138499 1.629219055 -0.041664634 0.999047220 0.012988392 2.477742195 0.129573897 -0.007487016 0.991541505 -44.402259827
0.987132072 0.035742901 -0.155862048 1.696472645 -0.032269899 0.999172509 0.024757009 2.452839375 0.156617954 -0.019408785 0.987468481 -44.852928162
0.982450187 0.032264367 -0.183713630 1.760595798 -0.027731584 0.999245524 0.027189741 2.457923174 0.184452251 -0.021617891 0.982603669 -45.246543884
0.979219854 0.040541179 -0.198707744 1.847362995 -0.035706639 0.998974025 0.027854642 2.515172005 0.199633121 -0.020180630 0.979662895 -45.661350250
0.977930963 0.035279486 -0.205928072 1.905291080 -0.030452494 0.999183178 0.026563825 2.594225407 0.206696972 -0.019706562 0.978206635 -46.000087738
0.980754852 0.013851077 -0.194751352 1.925387383 -0.011959435 0.999869227 0.010885647 2.624794483 0.194876671 -0.008347033 0.980792224 -46.316013336
0.985178530 0.007345592 -0.171374902 1.863583088 -0.006614944 0.999966443 0.004834110 2.663175344 0.171404660 -0.003628826 0.985194027 -46.732696533
0.989140511 0.010590760 -0.146590620 1.947266102 -0.008443906 0.999847829 0.015259766 2.638654470 0.146729976 -0.013856255 0.989079475 -47.366168976
0.992075503 0.002376543 -0.125620127 1.950448036 0.000228261 0.999785364 0.020717105 2.638850689 0.125642374 -0.020581609 0.991862059 -47.566429138
0.995142996 0.002798883 -0.098399192 1.949558258 -0.000332190 0.999685526 0.025075682 2.648289204 0.098438412 -0.024921207 0.994831026 -47.834590912
0.996381819 0.002140057 -0.084963076 1.965667963 -0.000257705 0.999754369 0.022159740 2.626375437 0.084989645 -0.022057662 0.996137679 -47.887798309
0.996953964 -0.000293005 -0.077992015 1.928998709 0.002167837 0.999710619 0.023955187 2.672023296 0.077962428 -0.024051294 0.996666133 -48.178501129
0.997829080 -0.007033838 -0.065481633 1.945614219 0.008845978 0.999584734 0.027425347 2.678525448 0.065261535 -0.027945057 0.997476816 -48.504821777
0.997785032 0.011803162 -0.065464206 1.969887137 -0.010174890 0.999631882 0.025150588 2.675364971 0.065736942 -0.024428787 0.997537911 -48.815021515
0.998645663 -0.002809243 -0.051951695 1.902495742 0.003760522 0.999826908 0.018222170 2.669870615 0.051891506 -0.018392857 0.998483300 -49.264850616
0.999227285 -0.007050058 -0.038666271 1.858186722 0.007963295 0.999691784 0.023515513 2.676211357 0.038488559 -0.023805257 0.998975456 -49.763824463
0.998947024 0.005898471 -0.045494940 1.843797684 -0.004269534 0.999349177 0.035819255 2.693670273 0.045676608 -0.035587296 0.998322189 -50.060432434
0.998540819 0.011567960 -0.052748278 1.800662041 -0.010074740 0.999543369 0.028486952 2.697657585 0.053053729 -0.027913963 0.998201430 -50.508949280
0.998384416 -0.004995052 -0.056600284 1.861785769 0.006113788 0.999789000 0.019609664 2.726716757 0.056490391 -0.019924024 0.998204350 -50.891590118
0.997611940 0.005212467 -0.068869464 1.814761996 -0.003099461 0.999522150 0.030752625 2.753553391 0.068996854 -0.030465730 0.997151613 -51.572116852
0.996137142 0.026975377 -0.083564490 1.773925781 -0.024533750 0.999245405 0.030108990 2.838925362 0.084313624 -0.027942533 0.996047378 -52.252273560
0.995638192 0.011517946 -0.092584446 1.775168657 -0.009593777 0.999729156 0.021201145 2.855746269 0.092803560 -0.020220436 0.995479047 -52.310371399
0.992537558 0.029467130 -0.118324943 1.759863377 -0.026147742 0.999222517 0.029508576 2.887410641 0.119102463 -0.026194444 0.992536366 -52.825866699
0.990175843 0.025366548 -0.137507319 1.690674305 -0.021807611 0.999388635 0.027327035 2.891024113 0.138116434 -0.024059867 0.990123749 -53.383556366
0.987778842 0.030934973 -0.152761295 1.684823990 -0.026665205 0.999196470 0.029921146 2.829858780 0.153564200 -0.025482064 0.987810075 -53.695579529
0.983690381 0.040523160 -0.175245568 1.752780437 -0.033820122 0.998583674 0.041069426 2.844736099 0.176661626 -0.034472767 0.983667850 -54.346706390
0.979731739 0.028510181 -0.198274136 1.986354828 -0.021562124 0.999078333 0.037114315 2.915662766 0.199149504 -0.032086872 0.979443610 -54.665790558
0.976052582 0.031476032 -0.215245321 2.061144829 -0.026208267 0.999284089 0.027284481 2.895656824 0.215950012 -0.020989884 0.976178706 -55.372581482
0.973407030 0.029517248 -0.227172628 2.199207306 -0.022279978 0.999161243 0.034357160 2.953092575 0.227996171 -0.028382100 0.973248303 -55.713520050
0.970416486 0.028790504 -0.239713669 2.378169060 -0.023445843 0.999409497 0.025118578 2.882683754 0.240295276 -0.018755207 0.970518649 -56.234317780
0.969640851 0.035958320 -0.241875112 2.457408905 -0.030277608 0.999172390 0.027163438 2.843184710 0.242651641 -0.019015379 0.969927073 -56.668388367
0.969642401 0.025456626 -0.243198395 2.683034897 -0.022629725 0.999639928 0.014410981 2.850011110 0.243477717 -0.008469985 0.969869494 -56.690876007
0.971806467 0.025916215 -0.234351173 2.947602272 -0.020655449 0.999477148 0.024875320 2.751583815 0.234873310 -0.019333366 0.971833646 -57.214565277
0.975021780 0.043350488 -0.217837781 2.841395378 -0.040107809 0.999009192 0.019287506 2.826914310 0.218458042 -0.010068743 0.975794375 -57.573856354
0.979073644 0.027033530 -0.201702639 2.936796188 -0.025913607 0.999630630 0.008191335 2.840607882 0.201849580 -0.002793078 0.979412556 -58.054519653
0.986775696 0.022043770 -0.160585523 2.934779644 -0.020288074 0.999715209 0.012564712 2.874294758 0.160816804 -0.009140583 0.986941934 -58.214588165
0.990012527 0.040374801 -0.135075018 2.932538033 -0.037325080 0.998989522 0.025035795 2.900169849 0.135949343 -0.019744061 0.990518987 -58.558124542
0.993493557 0.028975349 -0.110140502 2.920527220 -0.027314361 0.999489725 0.016559949 2.908357620 0.110564150 -0.013443786 0.993778050 -58.807689667
0.995951355 0.015678125 -0.088516064 2.909691334 -0.014504595 0.999798357 0.013885543 2.942772865 0.088715933 -0.012545436 0.995977938 -59.102848053
0.995989442 0.027767707 -0.085051835 2.957003593 -0.025654703 0.999336898 0.025836997 2.927277565 0.085712865 -0.023551397 0.996041358 -59.476482391
0.996484935 0.033550240 -0.076759547 2.951538086 -0.031485397 0.999113142 0.027954441 2.959640503 0.077629335 -0.025439374 0.996657550 -59.791091919
0.998340547 0.005705998 -0.057301272 2.989717245 -0.005452716 0.999974668 0.004575546 2.964944601 0.057325933 -0.004255506 0.998346448 -60.277492523
0.997537851 0.031476129 -0.062669568 3.006722689 -0.030656438 0.999431908 0.013998729 2.959012032 0.063074604 -0.012043037 0.997936130 -60.601535797
0.997809231 0.026606010 -0.060571946 3.058886051 -0.026296405 0.999636948 0.005902911 2.946397543 0.060707022 -0.004297154 0.998146296 -60.596427917
0.999018908 0.017304299 -0.040767442 2.983682632 -0.016828796 0.999786556 0.011978241 3.006454945 0.040966019 -0.011280420 0.999096811 -60.683811188
0.998600245 0.036162823 -0.038595673 2.941962719 -0.035601877 0.999251604 0.015123756 3.042943954 0.039113708 -0.013728507 0.999140561 -61.024753571
0.999016464 0.025293032 -0.036419488 2.916162014 -0.024809772 0.999598801 0.013660758 3.046442509 0.036750402 -0.012743762 0.999243200 -61.275138855
0.999511182 0.021591078 -0.022606945 2.988590240 -0.021351362 0.999713719 0.010791989 2.992176533 0.022833489 -0.010304025 0.999686122 -61.758533478
0.999296188 0.025592357 -0.027423419 3.096207142 -0.025351109 0.999637067 0.009109164 3.040803909 0.027646594 -0.008407541 0.999582410 -62.028594971
0.999332249 0.015518165 -0.033082966 3.167389154 -0.015248272 0.999848485 0.008394901 3.087274790 0.033208221 -0.007884837 0.999417365 -62.518970490
0.999326289 0.012559523 -0.034482982 3.215296507 -0.012356652 0.999905050 0.006090044 3.096477747 0.034556195 -0.005659848 0.999386728 -62.957855225
0.999097824 0.007323389 -0.041831531 3.199743509 -0.006774944 0.999889433 0.013237564 3.139013052 0.041923858 -0.012942215 0.999036968 -63.348365784
0.998481214 0.013779382 -0.053342324 3.270452499 -0.013899603 0.999901533 -0.001883466 3.168334007 0.053311128 0.002622042 0.998574436 -63.757820129
0.997137845 0.012414379 -0.074579217 3.353828907 -0.013461671 0.999817431 -0.013556413 3.227625370 0.074397318 0.014521575 0.997123003 -64.373718262
0.995522916 0.018533036 -0.092685938 3.258557796 -0.018106297 0.999821186 0.005442948 3.207657099 0.092770264 -0.003740379 0.995680451 -65.732490540
0.994560838 0.040456314 -0.095979206 3.003939629 -0.039835449 0.999171138 0.008376906 3.372645855 0.096238554 -0.004507967 0.995348096 -66.778823853
0.988078117 0.078530930 -0.132417977 3.163729191 -0.077586487 0.996909916 0.012285026 3.493847132 0.132973552 -0.001864721 0.991117775 -67.244735718
