1.000000000 0.000000000 0.000000000 0.000000000 0.000000000 1.000000000 0.000000000 0.000000000 0.000000000 0.000000000 1.000000000 0.000000000
1.000000000 0.000000000 0.000000000 0.000000000 0.000000000 1.000000000 0.000000000 0.000000000 0.000000000 0.000000000 1.000000000 0.000000000
1.000000000 0.000000000 0.000000000 0.000000000 0.000000000 1.000000000 0.000000000 0.000000000 0.000000000 0.000000000 1.000000000 0.000000000
1.000000000 0.000000000 0.000000000 0.000000000 0.000000000 1.000000000 0.000000000 0.000000000 0.000000000 0.000000000 1.000000000 0.000000000
1.000000000 0.000000000 0.000000000 0.000000000 0.000000000 1.000000000 0.000000000 0.000000000 0.000000000 0.000000000 1.000000000 0.000000000
1.000000000 0.000000000 0.000000000 0.000000000 0.000000000 1.000000000 0.000000000 0.000000000 0.000000000 0.000000000 1.000000000 0.000000000
1.000000000 0.000000000 0.000000000 0.000000000 0.000000000 1.000000000 0.000000000 0.000000000 0.000000000 0.000000000 1.000000000 0.000000000
1.000000000 0.000000000 0.000000000 0.000000000 0.000000000 1.000000000 0.000000000 0.000000000 0.000000000 0.000000000 1.000000000 0.000000000
0.999976099 -0.002822034 -0.006307935 0.035898317 0.002853880 0.999983191 0.005045220 0.007211900 0.006293592 -0.005063102 0.999967396 0.392801464
0.999911070 -0.003093190 -0.012972422 0.080063611 0.003150650 0.999985278 0.004411350 -0.029986974 0.012958588 -0.004451828 0.999906123 0.760715961
0.999573290 -0.005016401 -0.028774248 0.100510433 0.005378803 0.999907017 0.012531119 -0.031840991 0.028708711 -0.012680544 0.999507368 1.487918139
0.999533832 0.001361411 -0.030498821 0.098515265 -0.000959394 0.999912500 0.013192150 -0.025825728 0.030514114 -0.013156741 0.999447703 1.935672283
0.999217331 -0.003290274 -0.039422512 0.118062466 0.003447542 0.999986291 0.003921964 -0.033029281 0.039409071 -0.004054805 0.999214947 2.307126999
0.999144495 -0.002971391 -0.041248750 0.094457768 0.003275747 0.999967933 0.007312943 -0.056982666 0.041225690 -0.007441808 0.999122143 2.555564404
0.998866856 -0.005539579 -0.047268324 0.116451785 0.005888789 0.999956369 0.007251760 -0.065114632 0.047226094 -0.007521897 0.998855889 2.808383942
0.998752177 -0.009701986 -0.048992202 0.127011105 0.009838582 0.999948382 0.002547720 -0.065947726 0.048964962 -0.003026554 0.998795927 2.972789764
0.998778224 -0.011170797 -0.048137993 0.123189121 0.011363624 0.999928534 0.003733919 -0.075169340 0.048092838 -0.004276379 0.998833716 3.009431362
0.998713791 -0.011502215 -0.049380355 0.123053044 0.011882694 0.999901891 0.007418422 -0.077765800 0.049290188 -0.007995652 0.998752475 3.014169455
0.998748004 -0.010703399 -0.048866957 0.125627637 0.010977738 0.999925435 0.005349091 -0.069486521 0.048806056 -0.005878842 0.998790979 3.026376963
0.998812795 -0.010077187 -0.047659989 0.127294570 0.010189590 0.999945760 0.002116048 -0.072747640 0.047636088 -0.002599172 0.998861313 3.008214951
0.998796582 -0.010094946 -0.047994338 0.128456652 0.010317974 0.999937057 0.004401469 -0.072807446 0.047946893 -0.004891377 0.998837888 3.017549038
0.998736680 -0.010008199 -0.049243379 0.126317352 0.010235506 0.999938071 0.004365956 -0.071540169 0.049196638 -0.004864471 0.998777270 3.021126032
0.998794615 -0.010322818 -0.047987066 0.127929792 0.010503955 0.999938548 0.003524067 -0.071947597 0.047947735 -0.004023873 0.998841763 3.015125513
0.998767555 -0.009906594 -0.048633896 0.126284450 0.010145798 0.999937534 0.004674084 -0.073475689 0.048584554 -0.005161752 0.998805761 3.011428833
0.998787045 -0.009945189 -0.048222639 0.124899983 0.010190008 0.999936342 0.004833699 -0.074336097 0.048171490 -0.005319226 0.998824954 2.998993635
0.998783767 -0.009940750 -0.048292581 0.125514418 0.010142264 0.999940813 0.003929519 -0.072221130 0.048250668 -0.004414536 0.998825550 2.999356508
0.998770356 -0.010417487 -0.048468307 0.126367167 0.010638154 0.999934077 0.004297068 -0.072583213 0.048420358 -0.004807397 0.998815536 3.006519079
0.998768508 -0.010055613 -0.048583571 0.126467437 0.010269733 0.999938607 0.004159667 -0.071299143 0.048538763 -0.004653485 0.998810470 3.005486727
0.998775840 -0.010082590 -0.048427034 0.128124267 0.010300293 0.999937952 0.004247991 -0.072490059 0.048381202 -0.004741604 0.998817742 3.019037724
0.998775125 -0.009823631 -0.048495639 0.125466257 0.010059955 0.999938607 0.004631393 -0.073334806 0.048447173 -0.005113584 0.998812735 2.998477697
0.998757899 -0.009414864 -0.048929095 0.126140460 0.009641284 0.999943912 0.004393595 -0.071784027 0.048884988 -0.004859878 0.998792589 3.006568670
0.998818994 -0.009611051 -0.047626447 0.127940312 0.009834422 0.999941707 0.004457996 -0.071645908 0.047580827 -0.004921110 0.998855293 3.013380289
0.998819113 -0.009683818 -0.047609560 0.125056997 0.009908550 0.999940813 0.004486590 -0.072480388 0.047563296 -0.004953033 0.998855948 2.993806601
0.998795867 -0.009705463 -0.048088744 0.126381248 0.009952040 0.999938488 0.004890745 -0.069501966 0.048038326 -0.005363437 0.998831093 3.008754730
0.998819232 -0.009842314 -0.047573481 0.125072777 0.010021372 0.999943554 0.003526796 -0.071902424 0.047536090 -0.003999383 0.998861551 2.995839596
0.998815119 -0.009911100 -0.047646653 0.124922961 0.010159890 0.999935925 0.004982223 -0.072006792 0.047594231 -0.005460404 0.998851836 2.985115767
0.998772323 -0.009361212 -0.048643999 0.122652575 0.009593477 0.999943614 0.004543492 -0.072158448 0.048598725 -0.005004579 0.998805881 3.001353264
0.998776615 -0.009663002 -0.048496626 0.124649435 0.009876164 0.999942541 0.004157717 -0.073522560 0.048453674 -0.004631591 0.998814762 2.995987892
0.998789132 -0.009793944 -0.048211433 0.127727225 0.010020398 0.999939799 0.004457674 -0.072508737 0.048164874 -0.004935374 0.998827279 3.009734154
0.998788357 -0.009805201 -0.048226357 0.128267154 0.010016048 0.999941289 0.004132302 -0.070398249 0.048183016 -0.004610332 0.998827875 3.009969950
0.998735726 -0.009381110 -0.049385987 0.123785213 0.009637548 0.999941289 0.004956967 -0.070499480 0.049336582 -0.005426659 0.998767495 2.990734100
0.998766184 -0.009310271 -0.048780404 0.126010716 0.009519797 0.999946356 0.004064744 -0.072893091 0.048739944 -0.004524108 0.998801291 2.991580486
0.998820424 -0.009186549 -0.047679640 0.126096144 0.009407133 0.999945998 0.004404030 -0.072072849 0.047636617 -0.004847363 0.998852968 2.994151831
0.998793900 -0.009189475 -0.048232604 0.127211452 0.009422836 0.999944985 0.004613080 -0.073382497 0.048187565 -0.005062004 0.998825550 2.994363785
0.998766243 -0.009153532 -0.048808269 0.127527922 0.009382661 0.999945998 0.004467361 -0.072350755 0.048764750 -0.004919801 0.998798192 3.002804279
0.998835564 -0.009177061 -0.047363993 0.125264093 0.009415708 0.999944031 0.004817938 -0.074524365 0.047317129 -0.005258294 0.998866081 2.990542889
0.998796284 -0.009643459 -0.048095267 0.125132993 0.009843991 0.999943733 0.003934360 -0.075389795 0.048054632 -0.004403073 0.998835027 2.989214659
0.998815060 -0.009530318 -0.047726221 0.124273181 0.009735289 0.999944329 0.004064123 -0.074219845 0.047684833 -0.004523936 0.998852193 2.985790014
0.998787284 -0.009029076 -0.048398916 0.123333529 0.009275476 0.999945104 0.004868870 -0.073482968 0.048352301 -0.005311888 0.998816252 2.974342346
0.998751879 -0.010285887 -0.048876889 0.123998925 0.010509738 0.999935389 0.004325133 -0.073343001 0.048829250 -0.004833419 0.998795450 2.982955694
0.998792052 -0.009832192 -0.048143968 0.126253307 0.009992135 0.999945283 0.003082593 -0.071714193 0.048111029 -0.003559930 0.998835623 2.977748871
0.998792887 -0.009121113 -0.048265535 0.126169920 0.009345341 0.999946535 0.004422128 -0.071516022 0.048222620 -0.004867848 0.998824775 2.978161097
0.998658955 -0.008666735 -0.051040724 0.124029189 0.008650098 0.999962389 -0.000546825 -0.075067677 0.051043540 0.000104584 0.998696387 2.982258320
0.998556077 -0.013051230 -0.052109405 0.136818454 0.013208595 0.999909163 0.002676627 -0.072969906 0.052069750 -0.003361055 0.998637795 3.092065096
0.998615444 -0.010406101 -0.051563315 0.117845312 0.010509850 0.999943256 0.001741327 -0.094359949 0.051542263 -0.002280838 0.998668194 3.225593328
0.998993695 -0.016302524 -0.041786410 0.123538285 0.016679648 0.999823093 0.008692264 -0.105284691 0.041637316 -0.009380498 0.999088764 3.463878393
0.999367118 -0.015595446 -0.031971451 0.116779871 0.015728621 0.999868631 0.003918090 -0.100397497 0.031906147 -0.004418478 0.999481082 3.620826006
0.999259293 -0.018456079 -0.033768922 0.134689435 0.018827604 0.999765337 0.010717167 -0.118110307 0.033563200 -0.011345017 0.999372184 3.761053801
0.999353230 -0.015107552 -0.032633357 0.129595965 0.015414539 0.999839067 0.009176108 -0.113657989 0.032489482 -0.009673202 0.999425292 3.809862375
0.999377966 -0.017319273 -0.030722443 0.141414106 0.017487291 0.999833465 0.005208591 -0.110022008 0.030627115 -0.005742602 0.999514401 3.805449486
0.999348700 -0.017979080 -0.031289529 0.129624426 0.018237794 0.999801576 0.008002743 -0.110532314 0.031139452 -0.008568184 0.999478281 3.762365103
0.999380052 -0.017193472 -0.030724552 0.115421645 0.017412337 0.999824822 0.006870141 -0.103634074 0.030601040 -0.007400868 0.999504328 3.700716019
0.999329805 -0.017808316 -0.031980969 0.113143615 0.018013228 0.999818981 0.006130592 -0.112371445 0.031866003 -0.006702564 0.999469697 3.707232714
0.999333262 -0.016582970 -0.032526940 0.117119893 0.016765943 0.999845028 0.005360560 -0.107064471 0.032433007 -0.005902330 0.999456525 3.718871593
0.999224842 -0.016273059 -0.035845146 0.132020757 0.016530758 0.999839425 0.006904536 -0.112879001 0.035727035 -0.007491732 0.999333501 3.765557766
0.999315858 -0.016618764 -0.033040952 0.111747593 0.016799692 0.999845207 0.005205726 -0.107254446 0.032949332 -0.005757242 0.999440491 3.730847836
0.999359250 -0.017183658 -0.031395171 0.116525903 0.017404322 0.999825597 0.006768940 -0.109700240 0.031273376 -0.007311014 0.999484181 3.713136435
0.999365985 -0.017170317 -0.031189976 0.114339069 0.017348234 0.999834657 0.005442624 -0.113595285 0.031091370 -0.005980265 0.999498665 3.728725195
0.999341130 -0.016719531 -0.032214999 0.114368170 0.016992839 0.999821663 0.008228817 -0.116533265 0.032071669 -0.008770821 0.999447107 3.744594097
0.999324143 -0.017538209 -0.032307517 0.115500167 0.017730944 0.999826610 0.005688720 -0.110660724 0.032202143 -0.006257718 0.999461830 3.714530945
0.999335468 -0.016833067 -0.032332487 0.121796757 0.017089944 0.999824464 0.007685015 -0.109185547 0.032197446 -0.008232468 0.999447703 3.716772318
0.999299586 -0.016315367 -0.033676803 0.126437277 0.016477304 0.999853909 0.004536617 -0.108812399 0.033597868 -0.005088342 0.999422491 3.709860325
0.999186695 -0.018100025 -0.036033008 0.132377818 0.018138245 0.999835193 0.000734030 -0.105896831 0.036013786 -0.001387008 0.999350309 3.745283127
0.999364197 -0.011086119 -0.033885613 0.131455138 0.011144180 0.999936759 0.001525108 -0.125665620 0.033866562 -0.001901766 0.999424517 3.845414400
0.999484539 -0.008506298 -0.030956408 0.110411227 0.008803166 0.999916375 0.009466282 -0.117065981 0.030873297 -0.009733916 0.999475896 4.272362709
0.999108851 -0.002657942 -0.042124737 0.107975125 0.002773940 0.999992549 0.002695453 -0.110374756 0.042117264 -0.002809902 0.999108732 4.624467373
0.998561740 -0.011380119 -0.052391432 0.112070471 0.011588056 0.999926269 0.003666793 -0.121474981 0.052345827 -0.004268634 0.998619914 4.977475643
0.997521758 -0.015509656 -0.068627864 0.094367385 0.016749021 0.999706149 0.017520776 -0.188605875 0.068335958 -0.018626802 0.997488439 5.329603195
0.996747315 -0.003690117 -0.080505855 0.064491183 0.004660855 0.999918640 0.011873403 -0.174171627 0.080455489 -0.012210006 0.996683419 5.847012043
0.996512949 -0.007110910 -0.083134592 0.058561504 0.008016247 0.999912024 0.010561298 -0.191121459 0.083052181 -0.011190898 0.996482313 6.316413879
0.995251000 -0.016295031 -0.095968418 0.081347704 0.017517501 0.999775589 0.011909518 -0.206094712 0.095752805 -0.013534088 0.995313168 6.833003521
0.994386137 -0.019792663 -0.103944570 0.025732934 0.020486202 0.999774396 0.005608772 -0.256719530 0.103810102 -0.007706714 0.994567215 7.284090042
0.995001018 -0.020496618 -0.097738527 -0.079598367 0.019492039 0.999746978 -0.011222088 -0.277915537 0.097943820 0.009260863 0.995148838 7.763966560
0.997344017 -0.020719245 -0.069824755 -0.102920473 0.019508215 0.999647915 -0.017981436 -0.292382598 0.070172742 0.016571522 0.997397244 7.963359356
0.998879790 -0.031027328 -0.035727751 -0.093084022 0.030547252 0.999436617 -0.013905480 -0.201505929 0.036139078 0.012798516 0.999264836 8.367550850
0.999360144 -0.031199967 -0.017487338 -0.143966079 0.031660754 0.999141335 0.026723238 -0.242409915 0.016638558 -0.027259801 0.999489903 8.370331764
0.999616623 -0.014685934 -0.023471929 -0.119619563 0.015586097 0.999131560 0.038639210 -0.301069349 0.022884091 -0.038990233 0.998977602 8.710805893
0.999477088 -0.028922271 -0.014461778 -0.122575156 0.029485550 0.998748958 0.040385120 -0.373301715 0.013275661 -0.040790413 0.999079525 9.339297295
0.998744845 -0.031625379 -0.038839489 -0.084556818 0.032602854 0.999160707 0.024796972 -0.312242508 0.038022675 -0.026032127 0.998937726 9.331563950
0.997689724 -0.021411216 -0.064471789 -0.085789621 0.023062525 0.999421954 0.024978558 -0.349012643 0.063899696 -0.026407734 0.997606814 9.533712387
0.996083915 -0.038945429 -0.079373866 -0.064906001 0.041399244 0.998706937 0.029506717 -0.352924615 0.078122064 -0.032677185 0.996408105 10.167299271
0.993381441 -0.040793389 -0.107374392 -0.001207829 0.045622900 0.998036563 0.042911924 -0.347421825 0.105413064 -0.047526635 0.993292093 10.492285728
0.993224323 -0.039340951 -0.109351546 0.009669781 0.043605711 0.998367727 0.036885805 -0.368143857 0.107721925 -0.041404240 0.993318439 10.767925262
0.991941810 -0.031945396 -0.122600704 -0.055193305 0.036455646 0.998731792 0.034722410 -0.364109397 0.121335976 -0.038912103 0.991848469 11.042829514
0.989802778 -0.047598425 -0.134256408 -0.136925459 0.051920440 0.998233736 0.028875038 -0.360078603 0.132644832 -0.035551243 0.990525901 11.513134003
0.988629043 -0.050866622 -0.141510174 -0.226659775 0.055842683 0.997945130 0.031415466 -0.389886022 0.139621392 -0.038960550 0.989438236 11.938068390
0.987670004 -0.050818484 -0.148072466 -0.215114474 0.055044081 0.998181403 0.024578037 -0.415309995 0.146554157 -0.032425504 0.988671064 12.214160919
0.987910092 -0.048265379 -0.147322744 -0.253340364 0.052384641 0.998333514 0.024207862 -0.390359730 0.145908847 -0.031632636 0.988792181 12.601059914
0.986976862 -0.062391467 -0.148270860 -0.283123970 0.066904619 0.997429788 0.025643511 -0.399256796 0.146289855 -0.035229553 0.988614261 12.926647186
0.986722887 -0.065103263 -0.148793355 -0.315347433 0.069594696 0.997257769 0.025175625 -0.450880796 0.146746293 -0.035196599 0.988547802 13.260186195
0.985221744 -0.068714440 -0.156897008 -0.350287199 0.073452331 0.996995330 0.024594773 -0.438792914 0.154735565 -0.035755750 0.987308681 13.638208389
0.985867679 -0.055923127 -0.157915980 -0.411754370 0.061173566 0.997717857 0.028581940 -0.446305305 0.155957177 -0.037838295 0.987038791 13.993470192
0.985199988 -0.081797607 -0.150632411 -0.458311200 0.088503249 0.995337248 0.038352959 -0.475564003 0.146792859 -0.051116794 0.987845540 14.368274689
0.984137535 -0.083855562 -0.156338021 -0.419412971 0.089792885 0.995468557 0.031297464 -0.446798116 0.153005123 -0.044839047 0.987207651 14.857186317
0.982633233 -0.083164014 -0.165879309 -0.454989910 0.087248333 0.996033311 0.017476367 -0.467968613 0.163767949 -0.031645548 0.985991180 15.173194885
0.982878506 -0.058468319 -0.174731955 -0.456316233 0.060374048 0.998160064 0.005606375 -0.471769392 0.174082667 -0.016059661 0.984600067 15.411522865
0.982535183 -0.077393845 -0.169218183 -0.540984154 0.078008518 0.996948063 -0.003022869 -0.491309822 0.168935731 -0.010230384 0.985573947 15.805166245
0.980196953 -0.074960753 -0.183288947 -0.585760117 0.077859491 0.996926725 0.008659886 -0.491474837 0.182076499 -0.022759177 0.983020842 16.110572815
0.981666088 -0.064210102 -0.179467648 -0.665163040 0.066456050 0.997768044 0.006524170 -0.492263436 0.178648159 -0.018331273 0.983742237 16.484102249
0.983899355 -0.065615810 -0.166242346 -0.722146749 0.066861853 0.997760415 0.001903665 -0.539323509 0.165745109 -0.012988282 0.986083090 16.799945831
0.984718800 -0.061480079 -0.162938938 -0.770822644 0.063850015 0.997915745 0.009343185 -0.513603985 0.162024945 -0.019604065 0.986591935 17.089532852
0.986089528 -0.065993980 -0.152552515 -0.803776383 0.068478897 0.997590899 0.011086755 -0.515824854 0.151453346 -0.021379156 0.988233089 17.401470184
0.987471461 -0.072524019 -0.140144140 -0.831687570 0.075215213 0.997069061 0.013995683 -0.526088059 0.138718367 -0.024361307 0.990032196 17.782634735
0.988048434 -0.070523724 -0.137064666 -0.853792310 0.073786646 0.997095585 0.018866189 -0.542041659 0.135336041 -0.028754247 0.990382552 18.062103271
0.990240574 -0.060103338 -0.125742137 -0.915132880 0.062818706 0.997867286 0.017738603 -0.523798347 0.124407783 -0.025464440 0.991904378 18.440036774
0.990800500 -0.074170657 -0.113195583 -0.939723015 0.077163860 0.996769190 0.022288535 -0.535068750 0.111176714 -0.030818095 0.993322670 18.806169510
0.991254926 -0.074591212 -0.108856872 -0.963154912 0.078324676 0.996463418 0.030428093 -0.538457632 0.106202208 -0.038688168 0.993591607 19.146532059
0.992150545 -0.078011923 -0.097731724 -0.967108786 0.080941394 0.996369958 0.026371334 -0.587535203 0.095319659 -0.034074873 0.994863331 19.583606720
0.994035721 -0.075180314 -0.079001091 -0.968838930 0.077081047 0.996797562 0.021287516 -0.571086884 0.077147685 -0.027250033 0.996647239 19.923398972
0.995192707 -0.073248588 -0.065007426 -0.989996552 0.075328849 0.996703088 0.030145088 -0.558707237 0.062585004 -0.034897104 0.997429371 20.258108139
0.995747209 -0.075298399 -0.053082347 -0.995868981 0.076869890 0.996641874 0.028209314 -0.550245941 0.050779987 -0.032169770 0.998191655 20.603511810
0.995873451 -0.081822753 -0.039254487 -0.990998983 0.083264574 0.995854437 0.036618456 -0.546209812 0.036095530 -0.039735861 0.998558044 20.933547974
0.996994674 -0.075835720 -0.015830638 -0.976095796 0.076300614 0.996597290 0.031182176 -0.543208718 0.013412045 -0.032296352 0.999388337 21.263227463
0.996598899 -0.082305662 -0.004053612 -0.961640477 0.082394995 0.996049047 0.033128850 -0.556209743 0.001310905 -0.033350173 0.999442875 21.553688049
0.997060061 -0.076281235 0.007251387 -0.949235916 0.075982250 0.996490598 0.035120182 -0.533600986 -0.009904945 -0.034465950 0.999356806 21.893505096
0.996320844 -0.081567407 0.026294958 -0.903354764 0.080729760 0.996238708 0.031482853 -0.539179862 -0.028764026 -0.029244242 0.999158382 22.218357086
0.995544374 -0.085600026 0.039547514 -0.854735732 0.084479548 0.995997667 0.029187284 -0.543255985 -0.041887667 -0.025716279 0.998791277 22.572095871
0.995936513 -0.070820540 0.055633847 -0.841614962 0.069291659 0.997176290 0.028948227 -0.526571155 -0.057526886 -0.024975633 0.998031497 22.903808594
0.995230794 -0.081464760 0.053659957 -0.787972808 0.080248542 0.996475160 0.024446404 -0.543167233 -0.055462327 -0.020023677 0.998259962 23.174522400
0.993120551 -0.110708043 0.038148608 -0.722520888 0.109283388 0.993298948 0.037606090 -0.652654171 -0.042056281 -0.033178359 0.998564184 22.570587158
0.996057630 -0.087074712 0.016950661 -0.633807123 0.086308174 0.995397329 0.041653045 -0.705939174 -0.020499576 -0.040025845 0.998988330 22.399356842
0.993148863 -0.110936224 -0.036721494 -0.954768121 0.112129875 0.993171155 0.032215141 -0.717750609 0.032896910 -0.036112003 0.998806119 21.491580963
1.000000000 0.000000000 0.000000000 0.000000000 0.000000000 1.000000000 0.000000000 0.000000000 0.000000000 0.000000000 1.000000000 0.000000000
1.000000000 0.000000000 0.000000000 0.000000000 0.000000000 1.000000000 0.000000000 0.000000000 0.000000000 0.000000000 1.000000000 0.000000000
0.999996901 0.001563235 -0.001941500 0.030892411 -0.001545203 0.999956012 0.009254518 -0.014910745 0.001955882 -0.009251489 0.999955297 0.257709473
0.999803662 0.001269072 -0.019774524 0.057717789 -0.001122385 0.999971807 0.007427324 -0.016788516 0.019783393 -0.007403670 0.999776900 0.572460413
0.999382973 0.010103527 -0.033638619 0.015194383 -0.010113755 0.999948859 -0.000133989 -0.021717459 0.033635546 0.000474119 0.999433994 0.951658964
0.998948038 0.007669640 -0.045210849 0.039722499 -0.007902666 0.999956369 -0.004977717 -0.054951169 0.045170706 0.005329768 0.998965025 1.157181978
0.997964263 0.028801739 -0.056901932 0.098352537 -0.028507251 0.999575675 0.005980482 -0.106237844 0.057050042 -0.004346189 0.998361886 1.483546734
0.997647703 -0.002573491 -0.068500116 0.101987615 0.002488932 0.999996066 -0.001319770 -0.070030019 0.068503231 0.001146174 0.997650206 2.138630390
0.996346414 0.012822678 -0.084435463 0.030743644 -0.013057330 0.999912381 -0.002227402 -0.006527997 0.084399477 0.003321766 0.996426463 2.582556486
0.995979190 -0.012821146 -0.088662706 -0.043536052 0.011634230 0.999835849 -0.013890769 0.013201471 0.088826247 0.012803394 0.995964825 3.170553446
0.996591926 0.008408258 -0.082061484 -0.071657389 -0.009195808 0.999915183 -0.009223836 -0.030430624 0.081976995 0.009947023 0.996584594 3.502398252
0.997496068 0.009376376 -0.070097812 -0.106204897 -0.009335408 0.999956012 0.000912025 -0.074888445 0.070103265 -0.000255350 0.997539699 4.008671284
0.998463929 0.013715157 -0.053682424 -0.131420255 -0.013271660 0.999874830 0.008609319 -0.086629152 0.053793781 -0.007883640 0.998520970 4.371260643
0.999223173 0.015760554 -0.036119502 -0.082564570 -0.015281285 0.999791980 0.013506755 -0.121525437 0.036324855 -0.012944314 0.999256134 4.852945805
0.999927580 0.005604157 -0.010643424 -0.046681784 -0.005575751 0.999980807 0.002696718 -0.144022360 0.010658334 -0.002637177 0.999939740 5.315345764
0.999706924 0.013823491 0.019872287 -0.038641736 -0.013739588 0.999896049 -0.004352387 -0.138417333 -0.019930387 0.004078075 0.999793053 5.805721760
0.998317003 0.016492074 0.055598136 -0.051634699 -0.016097212 0.999841928 -0.007542439 -0.177836820 -0.055713743 0.006634769 0.998424768 6.070362091
0.996854603 -0.002096391 0.079224415 -0.048415363 0.001974891 0.999996722 0.001611947 -0.194303602 -0.079227559 -0.001450417 0.996855438 6.317736626
0.993735790 0.015298191 0.110703193 -0.039935231 -0.015325438 0.999882400 -0.000604840 -0.194359273 -0.110699430 -0.001095524 0.993853271 6.504417896
0.990044832 0.002167741 0.140736461 -0.000070333 -0.001564014 0.999989092 -0.004400233 -0.210450679 -0.140744522 0.004136315 0.990037322 6.706879139
0.988931954 0.004919532 0.148288056 0.218930304 -0.004289067 0.999980330 -0.004571100 -0.225013018 -0.148307636 0.003884490 0.988933623 7.167321205
0.986245513 0.006712787 0.165150642 0.237505257 -0.005304154 0.999945641 -0.008968926 -0.224842638 -0.165201887 0.007969579 0.986227632 7.200254917
0.983142078 -0.003099132 0.182816982 0.269797683 0.005012090 0.999937356 -0.010002667 -0.232786879 -0.182774574 0.010750338 0.983096063 7.286358356
0.980284989 0.014515317 0.197055221 0.252394080 -0.009431673 0.999598682 -0.026712131 -0.220023721 -0.197363883 0.024326935 0.980028391 7.249925613
0.974756241 0.008779468 0.223098755 0.308419347 -0.000876653 0.999369502 -0.035497319 -0.244953319 -0.223269701 0.034405652 0.974149287 7.486454964
0.969268739 0.008458721 0.245858759 0.349736691 0.001532448 0.999181628 -0.040418137 -0.261739969 -0.245999470 0.039552800 0.968462586 7.617371082
0.970657408 0.011681401 0.240182638 0.440764666 0.001931986 0.998408318 -0.056365877 -0.266557157 -0.240458742 0.055175994 0.969089866 7.852491379
0.972854137 0.006650847 0.231323674 0.515804172 0.014153806 0.996005595 -0.088161595 -0.289799154 -0.230986029 0.089042500 0.968874037 8.134449005
0.977198601 0.005913599 0.212245077 0.591901660 0.015179858 0.995108426 -0.097615480 -0.314972043 -0.211784124 0.098611571 0.972328782 8.311566353
0.979875743 0.006233529 0.199511066 0.629358649 0.009303973 0.996999562 -0.076845668 -0.327356577 -0.199391469 0.077155448 0.976877689 8.461598396
0.981408179 0.003127221 0.191906482 0.694831371 0.007338223 0.998524725 -0.053799152 -0.352405995 -0.191791594 0.054207172 0.979937494 8.695299149
0.984171808 -0.006699705 0.177090347 0.759572387 0.012744410 0.999373496 -0.033018082 -0.368274927 -0.176758155 0.034752365 0.983640611 8.911739349
0.987153292 -0.013426284 0.159210443 0.776823103 0.014912349 0.999855638 -0.008142870 -0.342677951 -0.159078151 0.010412463 0.987211108 9.192573547
0.990223348 -0.014879556 0.138695166 0.829938293 0.012385384 0.999746025 0.018828921 -0.360949457 -0.138940111 -0.016927045 0.990156114 9.430468559
0.992216110 -0.013556454 0.123787820 0.892370701 0.009917697 0.999501824 0.029964183 -0.365826249 -0.124132350 -0.028503258 0.991856277 9.739874840
0.992712200 -0.010343742 0.120065339 0.991554856 0.007136825 0.999607027 0.027109113 -0.381835014 -0.120298572 -0.026054660 0.992395759 10.055511475
0.993733346 -0.008404192 0.111460388 1.093760014 0.005325683 0.999596775 0.027888790 -0.426232010 -0.111649819 -0.027120419 0.993377447 10.443908691
0.995218694 -0.004142049 0.097583480 1.163786888 0.001246914 0.999557734 0.029710611 -0.452467769 -0.097663388 -0.029446878 0.994783759 10.694212914
0.995837808 -0.002355624 0.091112934 1.226464629 -0.000180880 0.999612868 0.027820855 -0.478924364 -0.091143198 -0.027721534 0.995451987 10.918070793
0.995533705 0.005148734 0.094266370 1.269187689 -0.007145414 0.999756932 0.020855986 -0.467508554 -0.094136082 -0.021436408 0.995328546 11.113304138
0.995049477 -0.008604129 0.099007472 1.309143901 0.007012900 0.999840796 0.016408615 -0.490303993 -0.099132895 -0.015633056 0.994951308 11.443405151
0.995807827 0.002461817 0.091437936 1.299796104 -0.004942168 0.999625683 0.026909549 -0.488331944 -0.091337457 -0.027248634 0.995447099 11.557147026
0.994894147 -0.012344675 0.100165911 1.395948768 0.009893890 0.999640226 0.024927266 -0.498479217 -0.100437611 -0.023808960 0.994658411 11.772021294
0.993860722 -0.004939831 0.110527538 1.412703276 0.002512190 0.999752760 0.022092625 -0.501772106 -0.110609345 -0.021679331 0.993627489 12.121349335
0.991633832 -0.027254559 0.126172736 1.490224957 0.023324104 0.999198735 0.032524817 -0.522122383 -0.126958072 -0.029309845 0.991474867 12.397583008
0.991224945 -0.008795126 0.131893143 1.556809902 -0.000171811 0.997697592 0.067821413 -0.523684204 -0.132185921 -0.067248926 0.988941073 12.611144066
0.986278236 -0.038386233 0.160566822 1.620946884 0.023425465 0.995291770 0.094051056 -0.502438426 -0.163421080 -0.088999145 0.982533932 13.060647011
0.986479163 -0.033291150 0.160469800 1.710411787 0.014661266 0.993151486 0.115910448 -0.497340679 -0.163229585 -0.111990526 0.980211258 13.367524147
0.982188880 -0.045738261 0.182245106 1.786123514 0.023982527 0.992503703 0.119838767 -0.432287455 -0.186360121 -0.113333575 0.975922823 13.814436913
0.977288604 -0.061539445 0.202780023 1.859100938 0.036496289 0.991484880 0.125002533 -0.445426345 -0.208745942 -0.114762858 0.971212983 14.049365044
0.971041977 -0.054147553 0.232691780 1.880564451 0.035832476 0.995968938 0.082230836 -0.476980209 -0.236206397 -0.071511686 0.969067931 14.256987572
0.967094064 -0.028697360 0.252795547 1.945043683 0.019675203 0.999078453 0.038146026 -0.485691428 -0.253657222 -0.031916995 0.966767430 14.465988159
0.963813186 -0.017204855 0.266022772 1.994169116 0.013375886 0.999779344 0.016198615 -0.630282223 -0.266242802 -0.012054144 0.963830650 14.710007668
0.957066953 -0.008332082 0.289747059 2.133512735 0.009620254 0.999949098 -0.003021838 -0.593985021 -0.289707124 0.005679543 0.957098484 15.069612503
0.952553034 0.005009890 0.304331541 2.198841333 -0.011325050 0.999755561 0.018989310 -0.587532759 -0.304162025 -0.021534896 0.952376842 15.352683067
0.956902444 -0.012086350 0.290158331 2.235082865 0.010989293 0.999925017 0.005410029 -0.656670749 -0.290201962 -0.001988234 0.956963360 15.736965179
0.961121678 0.006126644 0.276057154 2.217189312 -0.002604890 0.999910533 -0.013122205 -0.588101387 -0.276112884 0.011892937 0.961051702 15.416084290
0.969496727 0.014744591 0.244660407 2.330776453 -0.014650203 0.999890208 -0.002205731 -0.778904200 -0.244666070 -0.001445874 0.969606280 15.609815598
0.970149636 0.010623422 0.242274195 2.109944820 -0.012483220 0.999903142 0.006142624 -0.924473524 -0.242185488 -0.008983627 0.970188379 15.388021469
0.969446301 0.010578842 0.245075449 2.096026421 -0.012177479 0.999913335 0.005008610 -0.903731227 -0.245001227 -0.007839980 0.969491065 15.793799400
0.971533775 0.008910888 0.236733422 2.142023802 -0.012092898 0.999855042 0.011992652 -0.949061930 -0.236592233 -0.014514059 0.971500576 16.086664200
0.973417282 0.007424107 0.228918567 2.329131603 -0.011246525 0.999818206 0.015397629 -0.958526015 -0.228762656 -0.017562861 0.973323762 16.632570267
0.972641647 0.008288722 0.232162744 2.466444016 -0.009241595 0.999952734 0.003016974 -0.935102642 -0.232126802 -0.005079987 0.972672403 17.175285339
0.975592434 0.002859217 0.219570428 2.485084534 -0.009884144 0.999473512 0.030902090 -0.970232725 -0.219366461 -0.032318115 0.975107193 17.518306732
0.977603793 0.015306877 0.209896535 2.464811563 -0.019709365 0.999627054 0.018898750 -0.932888806 -0.209529012 -0.022612415 0.977540910 17.221382141
0.977787852 0.011477827 0.209282443 2.478161573 -0.013579243 0.999870777 0.008606919 -0.934578180 -0.209156632 -0.011257638 0.977817357 17.283903122
0.980146050 0.016414890 0.197596297 2.629367590 -0.021392388 0.999504685 0.023081942 -0.924324989 -0.197119519 -0.026850732 0.980011642 17.791952133
0.980240047 0.033765860 0.194908559 2.727146149 -0.038871765 0.998992383 0.022430142 -0.925617933 -0.193954766 -0.029563360 0.980565012 18.284807205
0.978776574 0.022376318 0.203704894 2.770488739 -0.027133312 0.999419689 0.020589193 -0.948475361 -0.203125969 -0.025679410 0.978815734 18.711788177
0.978752851 0.023199009 0.203726888 2.829831839 -0.028979242 0.999256372 0.025434842 -0.972026944 -0.202985302 -0.030798281 0.978697300 19.013723373
0.977440894 0.035206594 0.208254218 2.875126839 -0.042472113 0.998631358 0.030518293 -0.988016248 -0.206894770 -0.038674820 0.977598429 19.391695023
0.976183891 0.026772976 0.215286478 2.910767078 -0.030676614 0.999419630 0.014810845 -1.055537462 -0.214765012 -0.021062369 0.976438642 19.711982727
0.978725672 0.029762108 0.203003675 2.989013672 -0.032898396 0.999385536 0.012091794 -1.033698797 -0.202519059 -0.018513042 0.979103327 20.083337784
0.978489637 0.039540920 0.202471316 3.023599148 -0.044629440 0.998790622 0.020626839 -1.035173655 -0.201410860 -0.029219326 0.979070902 20.500122070
0.978220522 0.009299721 0.207359672 3.176303625 -0.013448141 0.999736488 0.018605232 -1.053795457 -0.207131997 -0.020988623 0.978087842 20.935932159
0.981530488 0.030156385 0.188914195 3.322500229 -0.037291721 0.998714685 0.034329541 -1.072065353 -0.187636107 -0.040740427 0.981393337 21.241630554
0.983659744 0.032628469 0.177056089 3.524035931 -0.039191078 0.998663604 0.033694569 -1.076502442 -0.175720051 -0.040083017 0.983623803 21.523954391
0.983993888 0.028089568 0.175974056 3.645210028 -0.032836001 0.999169707 0.024118232 -1.082237482 -0.175150484 -0.029510483 0.984099269 21.806196213
0.984562814 0.025131600 0.173217863 3.722792864 -0.031921577 0.998822749 0.036525000 -1.102627754 -0.172096029 -0.041490547 0.984206021 22.169240952
0.986202180 0.038064413 0.161109298 3.852613449 -0.043899085 0.998496950 0.032811098 -1.088408232 -0.159618199 -0.039430931 0.986391068 22.924207687
0.988946676 0.031763397 0.144829601 4.006154060 -0.035322227 0.999132335 0.022067040 -1.088652253 -0.144002974 -0.026938824 0.989210486 23.552816391
0.991029143 0.030482883 0.130123064 4.080434799 -0.034640111 0.998955309 0.029805025 -1.093719006 -0.129078582 -0.034045126 0.991049767 23.982645035
0.991694391 0.039729655 0.122326389 4.143837929 -0.044079002 0.998481035 0.033055767 -1.144964457 -0.120827280 -0.038173247 0.991939306 24.470064163
0.992328465 0.036272839 0.118188612 4.233866215 -0.040456079 0.998630047 0.033189192 -1.107113242 -0.116822824 -0.037716039 0.992436349 24.989734650
0.992499530 0.023873286 0.119894855 4.326925755 -0.027882231 0.999102950 0.031871486 -1.115185022 -0.119026430 -0.034975369 0.992274880 25.499662399
0.992556155 0.041384257 0.114541106 4.396932602 -0.045516260 0.998395085 0.033696253 -1.110309839 -0.112962790 -0.038658898 0.992846787 26.035280228
0.992289424 0.027364453 0.120884836 4.454910755 -0.032140493 0.998770654 0.037737180 -1.205295324 -0.119703591 -0.041331492 0.991948962 26.356151581
0.992440343 0.022087298 0.120724455 4.467663765 -0.027986977 0.998484075 0.047393762 -1.187921762 -0.119494654 -0.050414197 0.991554022 26.743011475
0.991974473 0.034594402 0.121613666 4.522310257 -0.040473357 0.998111606 0.046207551 -1.149992585 -0.119785473 -0.050758816 0.991501391 27.362321854
0.992213786 0.024421940 0.122128449 4.629173279 -0.029549811 0.998748422 0.040353853 -1.165222883 -0.120990090 -0.043648522 0.991693616 27.826858521
0.993600428 0.025348669 0.110071898 4.758889675 -0.031109154 0.998217344 0.050935626 -1.163673639 -0.108584501 -0.054033902 0.992617667 28.354015350
0.992983997 0.037978649 0.111983895 4.818211079 -0.043272551 0.998038948 0.045227714 -1.147582650 -0.110046595 -0.049756218 0.992680311 28.948261261
0.992758274 0.028532149 0.116692156 4.934184074 -0.033497136 0.998605192 0.040809948 -1.145218134 -0.115365006 -0.044423260 0.992329359 29.646688461
0.993226588 0.033461370 0.111271456 5.037753105 -0.038434666 0.998341680 0.042854186 -1.120727062 -0.109652989 -0.046840597 0.992865682 30.177059174
0.993714869 0.039276037 0.104824156 5.135722160 -0.042793766 0.998586535 0.031522140 -1.150382757 -0.103437938 -0.035809841 0.993991077 30.608020782
0.993631005 0.034496330 0.107272707 5.228795528 -0.038123898 0.998762071 0.031950925 -1.009546995 -0.106037721 -0.035837080 0.993716121 31.175426483
0.993601322 0.038210109 0.106284603 5.289606094 -0.042461444 0.998374104 0.038027789 -1.007308722 -0.104658760 -0.042297460 0.993608296 31.630624771
0.992953897 0.033387471 0.113701582 5.352653980 -0.037994664 0.998532236 0.038596462 -1.012288332 -0.112246059 -0.042644557 0.992765009 32.106212616
0.992136002 0.030007748 0.121513225 5.387475967 -0.033535350 0.999070287 0.027089939 -1.095561862 -0.120587341 -0.030951897 0.992220044 32.610885620
0.990850270 0.026538366 0.132330924 5.368474483 -0.031492226 0.998873949 0.035483737 -1.135499954 -0.131240264 -0.039326470 0.990570188 32.975944519
0.988674462 0.023434697 0.148235559 5.421571255 -0.030043811 0.998644471 0.042504065 -1.163729906 -0.147038549 -0.046476237 0.988038182 33.338020325
0.986498594 0.021345291 0.162372857 5.475186348 -0.028543971 0.998704255 0.042131111 -1.148586869 -0.161263153 -0.046197049 0.985829651 33.545166016
0.983836770 0.012865731 0.178605139 5.531732082 -0.019462362 0.999189675 0.035231199 -1.157926679 -0.178007141 -0.038137831 0.983289838 33.771926880
0.981265485 0.022195309 0.191377744 5.565367699 -0.027586633 0.999292791 0.025552597 -1.136542559 -0.190675244 -0.030353345 0.981183767 33.911281586
0.977976203 0.018141804 0.207926974 5.623439312 -0.021964042 0.999629319 0.016088465 -1.148444891 -0.207558066 -0.020301053 0.978011966 34.158771515
0.976847529 0.020955198 0.212907955 5.695571899 -0.026953952 0.999316156 0.025311584 -1.193839550 -0.212231994 -0.030464269 0.976744354 34.452789307
0.970710099 0.016478870 0.239687905 5.774040222 -0.023342894 0.999393821 0.025826514 -1.195629120 -0.239117056 -0.030665068 0.970506489 34.809425354
0.966390073 0.017649986 0.256473273 5.815409660 -0.026257664 0.999199629 0.030175814 -1.135688901 -0.255735368 -0.035896000 0.966080189 35.137809753
0.966468751 0.017841605 0.256163657 6.016392708 -0.024464170 0.999443114 0.022689322 -1.166256070 -0.255616218 -0.028195349 0.966367126 35.608520508
0.969364643 0.013743948 0.245241284 6.135818481 -0.020786785 0.999441743 0.026152596 -1.197208881 -0.244744942 -0.030449178 0.969109297 35.864372253
0.972356856 0.021562628 0.232502058 6.279681206 -0.030652832 0.998897493 0.035555098 -1.232553959 -0.231479108 -0.041699089 0.971945882 36.145927429
0.972420216 0.014722233 0.232770830 6.401653290 -0.020494239 0.999539018 0.022397846 -1.209998608 -0.232333794 -0.026550576 0.972273707 36.452877045
0.973242521 0.024278879 0.228493840 6.482151031 -0.029606977 0.999363065 0.019918935 -1.198731184 -0.227864698 -0.026150970 0.973341584 36.733589172
0.971940279 0.022273853 0.234170824 6.559404373 -0.026422206 0.999544382 0.014592350 -1.191069126 -0.233739093 -0.020370202 0.972085953 37.065990448
0.973007798 0.021527110 0.229765773 6.673850060 -0.028315842 0.999253273 0.026289828 -1.196235776 -0.229028240 -0.032086223 0.972890794 37.463306427
0.971053004 0.029652189 0.237016395 6.732894421 -0.036412288 0.999043941 0.024194200 -1.184342861 -0.236072347 -0.032124158 0.971204340 37.747894287
0.970300257 0.025907632 0.240512148 6.838721275 -0.032988098 0.999131382 0.025459159 -1.187336802 -0.239643663 -0.032637071 0.970312178 38.070739746
0.970095098 0.017725900 0.242076918 6.929565430 -0.025659425 0.999230623 0.029659249 -1.189054132 -0.241364941 -0.034983847 0.969803631 38.403980255
0.965030789 0.012162128 0.261854172 6.888093472 -0.017067561 0.999718845 0.016467251 -1.131611705 -0.261580199 -0.020360619 0.964966953 38.886154175
0.962641180 0.032993186 0.268762738 6.976118565 -0.038553491 0.999137342 0.015435407 -1.151349425 -0.268021613 -0.025220502 0.963082731 39.158103943
0.960238993 0.015576907 0.278744906 7.089826107 -0.021259554 0.999623001 0.017375078 -1.152859092 -0.278369188 -0.022610217 0.960207999 39.490741730
0.961094379 0.010655757 0.276014566 7.234654427 -0.020099172 0.999304533 0.031407226 -1.187758684 -0.275487989 -0.035732977 0.960640132 39.874774933
0.962007523 -0.012598150 0.272732466 7.412812233 0.002911060 0.999351382 0.035894200 -1.192281961 -0.273007840 -0.033736553 0.961420119 40.270812988
0.958709836 -0.042110186 0.281251222 7.592896461 0.032138992 0.998683751 0.039974224 -1.185261369 -0.282564282 -0.029284554 0.958801270 40.773975372
0.959478915 -0.008247090 0.281659663 7.917623520 0.000703114 0.999638557 0.026874579 -0.940354824 -0.281779498 -0.025587557 0.959137976 42.905506134
0.962160766 -0.018717635 0.271838456 8.212450981 0.014546685 0.999743760 0.017350679 -0.932656884 -0.272093564 -0.012739799 0.962186456 43.325035095
0.968243182 -0.015144706 0.249550909 8.332899094 0.013233880 0.999868810 0.009333197 -0.973689318 -0.249659508 -0.005734278 0.968316674 43.762477875
0.976149440 -0.012997644 0.216710046 8.649375916 0.009182497 0.999784768 0.018602544 -0.835945427 -0.216905177 -0.016168922 0.976058722 43.941463470
0.980785787 -0.020619920 0.193994984 8.931251526 0.019179631 0.999772787 0.009299848 -0.765701175 -0.194142684 -0.005400408 0.980958402 43.904136658
0.984907389 -0.017004875 0.172244757 9.176137924 0.016500859 0.999854326 0.004357643 -0.683893681 -0.172293782 -0.001449688 0.985044479 43.847736359
0.986386597 -0.030028556 0.161677912 9.426582336 0.031176243 0.999503613 -0.004565780 -0.618801653 -0.161460578 0.009544136 0.986832976 43.871067047
0.987502933 -0.026535217 0.155350775 9.516229630 0.027338188 0.999621630 -0.003034149 -0.630488753 -0.155211449 0.007243237 0.987854719 44.575386047
0.988489687 -0.023270037 0.149487406 9.615055084 0.022247324 0.999716282 0.008510291 -0.617478371 -0.149643004 -0.005086640 0.988727033 45.130786896
0.990060151 -0.030539572 0.137288690 9.755331993 0.028955197 0.999489248 0.013523234 -0.639129877 -0.137631550 -0.009413593 0.990438879 45.682144165
0.992592633 -0.016417027 0.120375305 9.830770493 0.015061026 0.999812543 0.012165989 -0.632242799 -0.120552465 -0.010262896 0.992653906 46.082752228
