1.000000000 0.000000000 0.000000000 0.000000000 0.000000000 1.000000000 0.000000000 0.000000000 0.000000000 0.000000000 1.000000000 0.000000000
1.000000000 0.000000000 0.000000000 0.000000000 0.000000000 1.000000000 0.000000000 0.000000000 0.000000000 0.000000000 1.000000000 0.000000000
0.999954283 -0.002903721 0.009111938 -0.017832747 0.002846311 0.999975979 0.006307187 0.026594836 -0.009130035 -0.006280962 0.999938607 -0.188325286
0.999821246 0.003625099 0.018557761 -0.018728094 -0.003809317 0.999943733 0.009901082 -0.039773546 -0.018520825 -0.009970003 0.999778867 -0.780765414
0.999702156 0.009058553 0.022662761 -0.045379825 -0.009162273 0.999948025 0.004477053 0.015972666 -0.022621032 -0.004683362 0.999733150 -0.898051798
0.999484003 0.014244050 0.028789354 -0.041847508 -0.014350395 0.999890924 0.003490677 0.032730389 -0.028736494 -0.003902015 0.999579430 -1.182852507
0.999409854 -0.004569330 0.034047093 -0.028442184 0.004536774 0.999989152 0.001033482 0.110374317 -0.034051456 -0.000878408 0.999419630 -1.314466238
0.999253511 0.007868174 0.037825104 -0.068723425 -0.008362867 0.999881327 0.012938130 0.146872967 -0.037718821 -0.013244797 0.999200642 -1.525568247
0.999112666 0.005958543 0.041696820 -0.051514380 -0.006381142 0.999929547 0.010009345 0.181855485 -0.041634254 -0.010266535 0.999080241 -1.795476317
0.999079823 0.000148633 0.042889029 -0.024138339 -0.000497937 0.999966800 0.008133804 0.079473957 -0.042886395 -0.008147676 0.999046743 -1.917478442
0.999024868 0.006728300 0.043638173 -0.046160258 -0.006985417 0.999959111 0.005742203 0.189525276 -0.043597758 -0.006041434 0.999030888 -2.150985718
0.998811543 0.000055549 0.048738990 -0.111523405 -0.000506495 0.999957204 0.009239971 0.189648390 -0.048736390 -0.009253677 0.998768806 -2.512257099
0.998801053 0.007903419 0.048311017 -0.128335938 -0.008271432 0.999938250 0.007422411 0.182941794 -0.048249364 -0.007813113 0.998804748 -2.729875088
0.998827040 -0.001360964 0.048401359 -0.181608945 0.000726146 0.999913514 0.013130855 0.188716963 -0.048415050 -0.013080304 0.998741627 -3.082616806
0.998754919 0.002187713 0.049837764 -0.188163891 -0.002665888 0.999951005 0.009530174 0.210396394 -0.049814478 -0.009651169 0.998711824 -3.318494558
0.998760819 0.005390508 0.049473517 -0.141416311 -0.005847342 0.999941468 0.009093816 0.178930968 -0.049421594 -0.009371836 0.998734057 -3.477640867
0.998684883 0.001471465 0.051247727 -0.135250553 -0.001666633 0.999991536 0.003765790 0.188989967 -0.051241752 -0.003846248 0.998678863 -3.632009983
0.998532355 0.001788627 0.054128833 -0.184023112 -0.002390001 0.999936163 0.011047371 0.185016513 -0.054105613 -0.011160525 0.998472929 -3.897419930
0.998317719 -0.004810579 0.057779372 -0.195856914 0.004369088 0.999960303 0.007764875 0.182511285 -0.057814423 -0.007499370 0.998299122 -4.112363815
0.997812510 -0.003207826 0.066028588 -0.233779132 0.002659269 0.999961197 0.008394071 0.198249459 -0.066052943 -0.008200122 0.997782469 -4.311868668
0.997622788 -0.001356290 0.068897426 -0.271656960 0.000586719 0.999937177 0.011188833 0.204650745 -0.068908282 -0.011121811 0.997560978 -4.605809212
0.997439265 -0.001198165 0.071508914 -0.312372208 0.000718147 0.999977052 0.006738038 0.238911420 -0.071515337 -0.006669430 0.997417152 -4.955043793
0.997965872 0.000502367 0.063747793 -0.271341205 -0.000429705 0.999999166 -0.001153550 0.298597664 -0.063748330 0.001123811 0.997965395 -5.092464447
0.997926891 -0.007002175 0.063975155 -0.310811430 0.006809785 0.999971628 0.003224798 0.306539357 -0.063995920 -0.002782455 0.997946322 -5.446875095
0.998457193 -0.003022969 0.055444553 -0.394316405 0.002866960 0.999991655 0.002893096 0.257479876 -0.055452831 -0.002729675 0.998457551 -6.063031197
0.998598874 -0.008764277 0.052186769 -0.437938988 0.008570684 0.999955475 0.003932252 0.266010284 -0.052218910 -0.003479466 0.998629630 -6.491069794
0.999119282 -0.005979510 0.041531682 -0.485669613 0.006005821 0.999981821 -0.000508780 0.313824266 -0.041527886 0.000757764 0.999137044 -6.904684067
0.999520779 0.003380211 0.030770810 -0.523067474 -0.003403468 0.999993980 0.000703522 0.346345842 -0.030768245 -0.000807912 0.999526143 -7.181450367
0.999836743 -0.003223059 0.017776893 -0.543599248 0.003103959 0.999972522 0.006723205 0.357605547 -0.017798070 -0.006666928 0.999819279 -7.602550983
0.999858618 -0.008989096 0.014206446 -0.527925670 0.009007772 0.999958575 -0.001251068 0.388116002 -0.014194611 0.001378860 0.999898314 -8.016284943
0.999799550 0.012107633 -0.015953694 -0.322062552 -0.011904673 0.999847710 0.012756118 0.418737590 0.016105708 -0.012563635 0.999791324 -8.416493416
0.999895751 -0.000564762 -0.014423845 -0.266640097 0.000654008 0.999980688 0.006183429 0.432960629 0.014420075 -0.006192217 0.999876857 -8.404349327
0.999598145 -0.016110335 -0.023322394 -0.268736124 0.016371440 0.999804914 0.011048247 0.416811109 0.023139853 -0.011425630 0.999667048 -8.604714394
0.999703407 -0.016544260 -0.017869579 -0.230431840 0.016693005 0.999827027 0.008207185 0.374777973 0.017730705 -0.008503049 0.999806643 -8.936504364
0.999720395 -0.015065533 -0.018219331 -0.205742002 0.015369223 0.999743223 0.016645018 0.392914474 0.017963890 -0.016920388 0.999695480 -9.127290726
0.999658644 -0.016357243 -0.020374170 -0.195255220 0.016773898 0.999650061 0.020450039 0.401362896 0.020032536 -0.020784814 0.999583244 -9.461962700
0.999488175 -0.031741738 -0.003967923 -0.270156443 0.031770635 0.999467373 0.007445356 0.396880150 0.003729478 -0.007567608 0.999964416 -10.106649399
0.999951363 -0.009810529 -0.000900403 -0.499669880 0.009821241 0.999869883 0.012782421 0.420679927 0.000774881 -0.012790645 0.999917865 -10.809110641
0.999542892 -0.027293893 0.013000834 -0.549561501 0.027462127 0.999539137 -0.012942521 0.439555168 -0.012641586 0.013293635 0.999831676 -10.889359474
0.999652207 -0.023735568 0.011495093 -0.621342659 0.023940424 0.999551058 -0.018023791 0.437028915 -0.011062122 0.018292716 0.999771416 -11.384576797
0.999252737 -0.037657484 0.008715088 -0.648653984 0.037672836 0.999288917 -0.001603597 0.501480460 -0.008648496 0.001930721 0.999960661 -11.590523720
0.999638855 -0.025253134 -0.009183298 -0.365828693 0.025329795 0.999644458 0.008329489 0.459185451 0.008969688 -0.008559096 0.999923110 -12.098577499
0.999574542 -0.025979299 -0.013254777 -0.366491735 0.026221411 0.999486268 0.018431475 0.494205534 0.012769130 -0.018771198 0.999742270 -12.408561707
0.999638200 -0.020468950 -0.017450951 -0.412378192 0.020738810 0.999665916 0.015425751 0.527829587 0.017129373 -0.015782084 0.999728680 -12.863876343
0.999624729 -0.017500035 -0.021076122 -0.455241472 0.017904354 0.999656260 0.019150227 0.470479667 0.020733749 -0.019520395 0.999594390 -13.362751961
0.999520421 -0.022194227 -0.021594742 -0.448720336 0.022430645 0.999690413 0.010767816 0.555192828 0.021349074 -0.011247033 0.999708831 -13.594350815
0.999541819 -0.013902116 -0.026884014 -0.460524082 0.014453952 0.999686420 0.020442352 0.586027205 0.026591392 -0.020821568 0.999429524 -14.072305679
0.999391437 -0.018913263 -0.029306877 -0.348332673 0.019539719 0.999583483 0.021238958 0.514289618 0.028892975 -0.021798680 0.999344766 -14.264129639
0.999290168 -0.022405662 -0.030285057 -0.374919623 0.022803614 0.999657273 0.012859300 0.581757188 0.029986555 -0.013540780 0.999458551 -14.596696854
0.999221742 -0.028533597 -0.027232569 -0.386768043 0.028978962 0.999450326 0.016102137 0.624651849 0.026758147 -0.016878776 0.999499381 -14.979867935
0.999051929 -0.024863815 -0.035734985 -0.354915619 0.025534276 0.999504030 0.018429695 0.591604471 0.035259031 -0.019324690 0.999191344 -15.440546036
0.998942137 -0.027257079 -0.037035845 -0.341237426 0.027747011 0.999533415 0.012779731 0.647563517 0.036670212 -0.013793844 0.999232352 -15.698761940
0.998803794 -0.028239330 -0.039917026 -0.340241432 0.029030889 0.999390423 0.019391518 0.653232992 0.039345086 -0.020527150 0.999014795 -16.054103851
0.998445213 -0.026737960 -0.048909806 -0.315027297 0.027496327 0.999510884 0.014898778 0.675922275 0.048487507 -0.016220460 0.998692214 -16.329864502
0.998622537 -0.031073116 -0.042279541 -0.292949796 0.031376272 0.999486148 0.006525551 0.700815260 0.042055048 -0.007843134 0.999084473 -16.702926636
0.996948361 -0.058619000 -0.051553797 -0.094722629 0.059657071 0.998041272 0.018831527 0.063795239 0.050348930 -0.021849608 0.998492658 -16.142824173
0.996430814 -0.064697728 -0.054220587 0.051330447 0.066077344 0.997524679 0.024048485 -0.018923908 0.052530490 -0.027545402 0.998239338 -16.465099335
0.996854782 -0.060828086 -0.050798248 0.044584394 0.062004499 0.997835457 0.021911757 -0.007365197 0.049355436 -0.024992559 0.998468518 -16.621803284
0.996697128 -0.069215752 -0.042473476 0.039179683 0.070437059 0.997124195 0.027963689 -0.000198275 0.040415805 -0.030863032 0.998706162 -16.705062866
0.997347772 -0.062412165 -0.037445106 0.066602767 0.063507684 0.997565269 0.028816907 0.032140762 0.035555407 -0.031118531 0.998883128 -16.822851181
0.996831656 -0.078151174 -0.014801869 0.074914232 0.078525707 0.996554911 0.026684029 0.067423731 0.012665488 -0.027761811 0.999534309 -17.424602509
0.997916639 -0.064213589 0.006242536 0.014701188 0.064056799 0.997687757 0.022708928 0.097420454 -0.007686323 -0.022261744 0.999722540 -17.691482544
0.996748447 -0.073624752 0.032740794 -0.010343969 0.072756410 0.996985078 0.026967622 0.086395115 -0.034627568 -0.024497833 0.999099970 -17.956544876
0.994915903 -0.080521502 0.060487516 0.028096676 0.078365467 0.996229887 0.037212409 0.114516199 -0.063255876 -0.032283086 0.997475088 -17.995367050
0.992809176 -0.083711311 0.085570581 0.032203197 0.080889747 0.996075153 0.035931338 0.123324573 -0.088242598 -0.028751183 0.995683968 -18.108364105
0.989603579 -0.089870371 0.112285666 0.025560617 0.087236412 0.995789528 0.028164646 0.155160248 -0.114344053 -0.018076435 0.993276656 -18.271356583
0.986981392 -0.092249930 0.131748453 0.003987312 0.088579603 0.995506763 0.033465236 0.147826135 -0.134243637 -0.021359337 0.990718126 -18.478389740
0.984212577 -0.095291547 0.149148837 -0.005449295 0.090039104 0.995069206 0.041596495 0.162832618 -0.152377218 -0.027510557 0.987939477 -18.581371307
0.979148030 -0.100618742 0.176479161 -0.027380943 0.095976077 0.994779646 0.034670833 0.164081156 -0.179046407 -0.017010104 0.983693540 -18.757442474
0.973845482 -0.109968804 0.198826104 -0.059713602 0.104653336 0.993817151 0.037081234 0.163700104 -0.201674595 -0.015303580 0.979332983 -18.883796692
0.970299959 -0.103622027 0.218587488 -0.059283495 0.098805070 0.994563222 0.032884397 0.173804522 -0.220806643 -0.010310173 0.975263119 -18.945394516
0.963932574 -0.123103060 0.235965207 -0.096297741 0.118829779 0.992389083 0.032302342 0.178643167 -0.238145784 -0.003097590 0.971224427 -19.018201828
0.961845398 -0.130921587 0.240235344 -0.097765446 0.122988842 0.991256773 0.047789209 0.198583066 -0.244391501 -0.016419562 0.969537675 -19.166011810
0.961465061 -0.134441912 0.239813060 -0.218146324 0.128811106 0.990898907 0.039076176 0.182723463 -0.242883980 -0.006679792 0.970032275 -19.458072662
0.960915983 -0.145504072 0.235518560 -0.255312443 0.140682682 0.989354074 0.037240405 0.171562850 -0.238429874 -0.002651517 0.971156120 -19.610435486
0.965861976 -0.137111649 0.219797477 -0.293517590 0.128141418 0.990249991 0.054631580 0.184305072 -0.225145087 -0.024601409 0.974014640 -19.745235443
0.975901425 -0.101130135 0.193362534 -0.253377676 0.092951387 0.994367063 0.050935682 0.341193795 -0.197424412 -0.031734884 0.979804337 -19.944561005
0.982263148 -0.101960495 0.157362700 -0.312527180 0.093813680 0.993876815 0.058377519 0.328799725 -0.162351340 -0.042579312 0.985813975 -20.622652054
0.986438751 -0.115155935 0.116951056 -0.344307423 0.108827211 0.992299259 0.059150703 0.378639340 -0.122861981 -0.045621090 0.991374612 -21.209709167
0.991397023 -0.113075271 0.065922648 -0.391502976 0.109131925 0.992175996 0.060639039 0.351482630 -0.072263643 -0.052923094 0.995980442 -21.935338974
0.994348824 -0.104541920 0.018477459 -0.540489852 0.103383780 0.993104160 0.055280384 0.340037823 -0.024129162 -0.053057723 0.998299897 -22.828630447
0.994868159 -0.097830281 -0.025818247 -0.701234281 0.098991632 0.993911743 0.048375543 0.333158135 0.020928465 -0.050683077 0.998495519 -23.777107239
0.993572950 -0.083884925 -0.076000765 -0.818457246 0.086957067 0.995485067 0.038052119 0.378159344 0.072465628 -0.044416368 0.996381402 -24.609825134
0.989371896 -0.083272330 -0.119201496 -0.974823236 0.087701231 0.995619953 0.032395199 0.411850691 0.115981758 -0.042505018 0.992341459 -25.141687393
0.984138072 -0.078020267 -0.159327015 -0.569008827 0.084667370 0.995781720 0.035356414 0.354020834 0.155896425 -0.048285395 0.986592472 -24.360284805
0.977960706 -0.070844807 -0.196402609 -0.440352440 0.078386106 0.996444643 0.030883560 0.370519459 0.193516389 -0.045598153 0.980036795 -24.845371246
0.974325955 -0.072567962 -0.213126689 -0.481495380 0.078825213 0.996667266 0.020998487 0.501663387 0.210892558 -0.037259124 0.976798892 -24.959590912
0.972707033 -0.079794385 -0.217884839 -0.372841835 0.085966878 0.996117115 0.018982643 0.529179096 0.215524077 -0.037195425 0.975789845 -25.477788925
0.974294603 -0.081823401 -0.209892601 -0.361549854 0.087188110 0.996056497 0.016418757 0.565506995 0.207721442 -0.034296848 0.977586508 -25.772083282
0.975722551 -0.067826875 -0.208242744 -0.314590931 0.073416576 0.997116029 0.019222420 0.573649704 0.206338391 -0.034044221 0.977888286 -26.005956650
0.976365149 -0.075359143 -0.202563778 -0.310555458 0.082803525 0.996157765 0.028518807 0.587065578 0.199636325 -0.044617765 0.978853703 -26.166450500
0.976806223 -0.065257087 -0.203938946 -0.268021584 0.073310800 0.996789753 0.032180391 0.585157394 0.201184258 -0.046384931 0.978454590 -26.408224106
0.978694379 -0.072515190 -0.192090705 -0.241199493 0.081182964 0.995988488 0.037633438 0.602612257 0.188591167 -0.052426133 0.980655313 -26.597867966
0.984750211 -0.074701637 -0.157119602 -0.201274395 0.080743127 0.996207595 0.032417744 0.581629097 0.154102102 -0.044609707 0.987047374 -27.033706665
0.990060329 -0.061997406 -0.126241416 -0.185258389 0.067380622 0.996971667 0.038824197 0.604271173 0.123452157 -0.046944525 0.991239429 -27.125047684
0.992867291 -0.068519659 -0.097568668 -0.181977510 0.072349362 0.996719778 0.036265809 0.608395457 0.094763704 -0.043066166 0.994567811 -27.236387253
0.995497227 -0.066816248 -0.067238033 -0.168640137 0.069544643 0.996812701 0.039088055 0.618842244 0.064412013 -0.043588098 0.996971011 -27.346267700
0.996757805 -0.070342317 -0.039062262 -0.163207293 0.071932688 0.996569693 0.040920094 0.651409149 0.036049858 -0.043597270 0.998398483 -27.422506332
0.997323036 -0.073112905 -0.001106685 -0.174438715 0.073102444 0.996607780 0.037799601 0.647336125 -0.001660709 -0.037779305 0.999284863 -27.535589218
0.997503102 -0.068997875 0.015060580 -0.185403377 0.068228558 0.996575773 0.046705958 0.651544929 -0.018231621 -0.045561776 0.998795092 -27.583532333
0.998107612 -0.058507945 0.018920552 -0.198109478 0.057666026 0.997437537 0.042341687 0.636281490 -0.021349398 -0.041170478 0.998924017 -27.558193207
0.997985482 -0.061599340 0.015182568 -0.201891065 0.060953513 0.997344732 0.039852083 0.666595101 -0.017597117 -0.038846377 0.999090254 -27.718519211
0.997884929 -0.064303912 0.009521387 -0.197629362 0.063826784 0.996991634 0.043973256 0.682683825 -0.012320398 -0.043272533 0.998987317 -27.898502350
0.998367965 -0.057105362 0.000499833 -0.187766612 0.057008710 0.997116685 0.050081812 0.715905070 -0.003358332 -0.049971584 0.998744965 -28.238824844
0.997834563 -0.065096542 -0.009413625 -0.208454818 0.065467864 0.996755600 0.046822082 0.687126994 0.006335126 -0.047336984 0.998858929 -28.592443466
0.997528553 -0.064995654 -0.026690546 -0.174003124 0.066038541 0.997004807 0.040251851 0.754124880 0.023994414 -0.041914966 0.998833001 -28.677728653
0.996785700 -0.060869668 -0.052086808 -0.148487329 0.062910996 0.997276425 0.038491376 0.784408092 0.049602006 -0.041644480 0.997900426 -29.042062759
0.995086312 -0.057339292 -0.080718584 -0.010048866 0.060850006 0.997274399 0.041725218 0.799727321 0.078106098 -0.046431925 0.995863199 -29.431507111
0.994534910 -0.048270989 -0.092576012 -0.043341160 0.052589271 0.997611403 0.044786710 0.829579353 0.090192981 -0.049410451 0.994697809 -29.716711044
0.993183792 -0.058927879 -0.100565903 -0.059005022 0.063626580 0.996995687 0.044170484 0.848375201 0.097660914 -0.050268061 0.993949413 -29.987806320
0.992431998 -0.050638586 -0.111869022 -0.156900406 0.055772375 0.997506499 0.043246608 0.860782623 0.109400123 -0.049158502 0.992781460 -30.811149597
0.990438998 -0.054189879 -0.126861662 -0.038352728 0.059439734 0.997509599 0.037966657 0.815966964 0.124488324 -0.045144286 0.991193533 -31.248538971
0.988183737 -0.058923718 -0.141494796 0.031489372 0.064366102 0.997340262 0.034195982 0.800185680 0.139103502 -0.042899381 0.989348114 -31.613151550
0.987019181 -0.055646144 -0.150653929 0.035767078 0.062703542 0.997126639 0.042503752 0.807732701 0.147855893 -0.051398553 0.987672448 -31.909637451
0.989603996 -0.050281975 -0.134742558 0.057693958 0.056639213 0.997434914 0.043767858 0.816165686 0.132196218 -0.050944563 0.989913523 -32.131462097
0.992599905 -0.059011508 -0.106128022 0.063501120 0.064257011 0.996840000 0.046702791 0.823640227 0.103036657 -0.053176656 0.993255138 -32.225650787
0.995669544 -0.058556054 -0.072202913 0.062763453 0.061870754 0.997089028 0.044558223 0.826233149 0.069383554 -0.048832521 0.996394277 -32.292861938
0.997251689 -0.064061143 -0.037218511 0.052746773 0.065623373 0.996943712 0.042389363 0.835943460 0.034389254 -0.044715267 0.998407722 -32.384517670
0.998171091 -0.059923861 -0.007974213 0.041881993 0.060235813 0.997057140 0.047419317 0.840572834 0.005109197 -0.047812920 0.998843372 -32.546630859
0.997728705 -0.061735433 0.026948128 0.037635207 0.060312808 0.996888757 0.050746489 0.843839645 -0.029997140 -0.049005914 0.998347878 -32.620685577
0.996713579 -0.065955997 0.047030646 0.025360465 0.063695028 0.996811926 0.048054345 0.842305541 -0.050050177 -0.044900805 0.997736871 -32.850154877
0.995921254 -0.070283383 0.056578021 0.035178542 0.067388490 0.996394396 0.051545728 0.859944344 -0.059996840 -0.047522783 0.997066617 -33.107295990
0.996660292 -0.061274942 0.053977877 0.055043101 0.058122963 0.996614575 0.058147065 0.893040776 -0.057358101 -0.054815516 0.996847630 -33.245792389
0.996438801 -0.061695304 0.057475168 0.060359001 0.058652967 0.996860027 0.053196710 0.933283806 -0.060576692 -0.049636170 0.996928632 -33.498020172
0.996803463 -0.063060068 0.049052842 0.050055146 0.060653377 0.996950686 0.049095612 0.934840322 -0.051999241 -0.045963466 0.997588754 -33.783195496
0.998060644 -0.055288877 0.028602775 0.046665668 0.053778470 0.997243285 0.051123966 0.990473151 -0.031350516 -0.049486596 0.998282731 -34.162788391
0.998521149 -0.054183122 0.004436417 0.077719212 0.053822584 0.996764541 0.059694462 1.022566795 -0.007656494 -0.059367396 0.998206854 -34.565807343
0.997720301 -0.067269251 -0.005394932 -0.043390468 0.067457713 0.996404469 0.051259987 1.127534389 0.001927314 -0.051507056 0.998670697 -34.780818939
0.997964740 -0.061229046 -0.017812055 -0.082408309 0.062038489 0.996863484 0.049137063 1.133500457 0.014747574 -0.050142106 0.998633146 -35.264682770
0.998013496 -0.057856720 -0.024933141 -0.124806821 0.058946177 0.997226715 0.045433845 1.163597345 0.022235343 -0.046813302 0.998656094 -35.731033325
0.997769535 -0.052868392 -0.040752612 -0.110805154 0.054826260 0.997316241 0.048523735 1.195281386 0.038077857 -0.050649833 0.997990310 -36.248664856
0.997412086 -0.057840113 -0.042706434 -0.095290542 0.059930716 0.996978879 0.049412716 1.213613749 0.039719369 -0.051844262 0.997865021 -36.620056152
0.997654557 -0.053906072 -0.042187002 -0.054496169 0.055691160 0.997549534 0.042348325 1.078632355 0.039800804 -0.044598445 0.998211861 -37.910137177
0.997256100 -0.062130108 -0.040250365 -0.038306236 0.064036429 0.996795297 0.047942683 1.062810421 0.037142683 -0.050388623 0.998038769 -38.536224365
0.997494519 -0.053708524 -0.046042383 -0.072369337 0.055827908 0.997377872 0.046052478 1.065766454 0.043448236 -0.048507556 0.997877359 -39.154788971
0.996837854 -0.063937478 -0.047183841 -0.049140096 0.066417933 0.996382117 0.053021029 1.053232670 0.043623105 -0.055987224 0.997478068 -39.713962555
0.997380495 -0.052446865 -0.049814671 -0.061410308 0.055324089 0.996767640 0.058252070 1.049412251 0.046598520 -0.060855426 0.997058272 -40.247097015
0.996560097 -0.062760577 -0.054121323 -0.006423712 0.065631576 0.996434867 0.053009886 1.050141335 0.050601445 -0.056379609 0.997126222 -40.711360931
0.996474862 -0.062056616 -0.056451797 -0.037686586 0.064829268 0.996707976 0.048685975 1.034125686 0.053244676 -0.052174084 0.997217476 -41.212936401
0.996235192 -0.063773789 -0.058721162 -0.026866913 0.066411182 0.996816635 0.044112891 1.034438252 0.055721000 -0.047846559 0.997299135 -41.591552734
0.996386528 -0.060140386 -0.059974037 -0.030134916 0.063295022 0.996630549 0.052165180 1.030455828 0.056634732 -0.055772752 0.996835887 -41.942352295
0.995825410 -0.066914588 -0.062082130 0.001872063 0.069916606 0.996420860 0.047512241 1.031880498 0.058680676 -0.051654477 0.996939421 -42.157791138
0.996074736 -0.061286420 -0.063867845 -0.009930134 0.064512953 0.996676266 0.049743246 1.040171146 0.060606979 -0.053668290 0.996717870 -42.425445557
0.995794952 -0.064384729 -0.065169685 -0.001742363 0.067721732 0.996432483 0.050359614 1.034466982 0.061694808 -0.054561246 0.996602595 -42.642669678
0.995896220 -0.062852055 -0.065118283 -0.011212587 0.066172078 0.996547222 0.050146699 1.031511545 0.061741624 -0.054249913 0.996616840 -42.806694031
0.995881438 -0.062554859 -0.065628380 -0.004164457 0.066105790 0.996382236 0.053406179 1.024720430 0.062050149 -0.057524625 0.996413946 -42.956439972
0.995789409 -0.064744808 -0.064896397 -0.005248308 0.068285763 0.996207833 0.053916022 1.018977880 0.061159540 -0.058120497 0.996434331 -43.088798523
0.995965242 -0.061101269 -0.065726429 -0.006623983 0.064599559 0.996529996 0.052485354 1.018147230 0.062291436 -0.056519486 0.996456325 -43.186824799
0.996148467 -0.057620496 -0.066090062 -0.012584448 0.061067641 0.996810257 0.051380545 1.018394947 0.062918663 -0.055218622 0.996489882 -43.228225708
0.996076584 -0.058938764 -0.066011384 -0.008937359 0.062484831 0.996637166 0.053007789 1.017412663 0.062665187 -0.056924533 0.996409893 -43.214832306
0.995997548 -0.060691550 -0.065614589 -0.009147167 0.064255662 0.996490538 0.053645723 1.017523766 0.062128458 -0.057647124 0.996401966 -43.208099365
0.995990217 -0.060771070 -0.065652609 -0.011162758 0.064323008 0.996498525 0.053414471 1.021172762 0.062176667 -0.057423268 0.996411860 -43.189823151
0.995963693 -0.061068662 -0.065778486 -0.011784792 0.064622313 0.996484041 0.053323369 1.019612074 0.062290810 -0.057358906 0.996408403 -43.189357758
0.995949566 -0.061146833 -0.065919973 -0.010286331 0.064770892 0.996420801 0.054316990 1.016852379 0.062362716 -0.058366682 0.996345401 -43.191665649
0.995947480 -0.061270703 -0.065835834 -0.009410143 0.064844571 0.996455312 0.053592183 1.020620108 0.062318809 -0.057644110 0.996390224 -43.188735962
0.996002972 -0.060535196 -0.065676495 -0.011152983 0.064083464 0.996518195 0.053335514 1.019965649 0.062219135 -0.057331108 0.996414542 -43.190483093
0.995985389 -0.060942948 -0.065565564 -0.007841587 0.064484447 0.996492803 0.053326204 1.018074512 0.062085774 -0.057340082 0.996422231 -43.190895081
0.995966792 -0.061412536 -0.065409422 -0.004295111 0.064943016 0.996465087 0.053289644 1.018473387 0.061905563 -0.057322606 0.996434510 -43.179813385
0.996025562 -0.060445480 -0.065417118 -0.005274057 0.063984506 0.996519685 0.053427625 1.022120237 0.061959989 -0.057400964 0.996426642 -43.179779053
0.996060431 -0.059881721 -0.065404437 -0.006680012 0.063413158 0.996561885 0.053322122 1.021599770 0.061986547 -0.057259560 0.996433139 -43.175979614
0.996006548 -0.060396198 -0.065751210 -0.006839514 0.063934043 0.996540487 0.053101394 1.021003485 0.062316623 -0.057093091 0.996422052 -43.171016693
0.995992243 -0.060772523 -0.065621898 -0.006894350 0.064317897 0.996503055 0.053337768 1.020409346 0.062150951 -0.057344660 0.996417999 -43.169322968
0.995948732 -0.061141372 -0.065939039 -0.004858971 0.064700752 0.996482074 0.053266458 1.021868229 0.062450286 -0.057316963 0.996400893 -43.166957855
0.995935440 -0.061587878 -0.065722473 -0.007847548 0.065133847 0.996454775 0.053247645 1.019566536 0.062210068 -0.057311967 0.996416152 -43.170089722
0.995960176 -0.060980704 -0.065914325 -0.006816387 0.064521313 0.996508420 0.052991230 1.022043467 0.062452737 -0.057030033 0.996417224 -43.172882080
0.995945871 -0.061112873 -0.066007294 -0.006276608 0.064671740 0.996487737 0.053196061 1.021361828 0.062524490 -0.057249211 0.996400118 -43.168739319
0.995892644 -0.062056847 -0.065927930 -0.006033421 0.065597512 0.996439219 0.052970301 1.019706011 0.062406011 -0.057077441 0.996417463 -43.174053192
0.995976031 -0.061195303 -0.065474160 -0.006767750 0.064699642 0.996506393 0.052811801 1.019863129 0.062013593 -0.056835450 0.996455669 -43.177947998
0.995956361 -0.061492689 -0.065495446 -0.005783081 0.065015651 0.996471107 0.053089119 1.019243002 0.061999720 -0.057132673 0.996439636 -43.174110413
0.995960474 -0.061375119 -0.065542787 -0.005546093 0.064899370 0.996479809 0.053067110 1.019043684 0.062055074 -0.057106428 0.996437609 -43.174900055
0.995940566 -0.061677199 -0.065562837 -0.004130363 0.065186165 0.996475339 0.052800845 1.020294666 0.062075134 -0.056860294 0.996450484 -43.171649933
0.995939076 -0.061665047 -0.065596469 -0.004944086 0.065158248 0.996492088 0.052517254 1.021697760 0.062127888 -0.056578144 0.996463180 -43.166419983
0.995927691 -0.061878465 -0.065566659 -0.006833792 0.065391429 0.996458590 0.052859444 1.018274784 0.062063601 -0.056931686 0.996447146 -43.166336060
0.995880604 -0.062460333 -0.065729640 -0.006992579 0.065936290 0.996462047 0.052111976 1.018282890 0.062242169 -0.056231268 0.996475756 -43.166687012
0.995808780 -0.063024573 -0.066277586 -0.004227638 0.066583611 0.996375680 0.052935001 1.015890360 0.062701173 -0.057126150 0.996396065 -43.159290314
0.995844960 -0.062470187 -0.066259012 -0.005036116 0.066139780 0.996309102 0.054714829 1.019315720 0.062596418 -0.058869846 0.996301115 -43.154064178
0.995963156 -0.061083842 -0.065773249 -0.004682302 0.064805612 0.996324182 0.056021105 1.017863989 0.062109504 -0.060057443 0.996260762 -43.164760590
0.996145785 -0.058733754 -0.065144569 -0.011565685 0.062423244 0.996470451 0.056124277 1.020495653 0.061618246 -0.059974506 0.996296287 -43.208595276
0.996417582 -0.056848381 -0.062611029 -0.014497042 0.060556185 0.996419191 0.059006155 1.026564121 0.059032422 -0.062586263 0.996292233 -43.293247223
0.996490955 -0.059445962 -0.058923021 -0.007255554 0.062598146 0.996621013 0.053177550 1.025941133 0.055562727 -0.056679420 0.996845126 -43.430473328
0.996435344 -0.061065413 -0.058203034 0.002451658 0.064240158 0.996454239 0.054331746 1.013537169 0.054678869 -0.057877041 0.996825218 -43.591754913
0.996147990 -0.063935071 -0.060012825 0.013206005 0.067212194 0.996261418 0.054276098 1.009001255 0.056318317 -0.058100618 0.996720910 -43.727821350
0.996342182 -0.062281385 -0.058508832 0.002753973 0.065527029 0.996317506 0.055296116 1.006844282 0.054849461 -0.058927771 0.996754289 -43.839603424
0.996093333 -0.060590588 -0.064241111 0.011984348 0.064344168 0.996237040 0.058065690 1.001552820 0.060481139 -0.061972387 0.996243715 -43.978553772
0.995883644 -0.061142635 -0.066913307 0.006721020 0.064892001 0.996354878 0.055372205 0.996808767 0.063283786 -0.059486419 0.996221125 -44.190925598
0.995774031 -0.058432609 -0.070850044 0.018068790 0.062434785 0.996496141 0.055653747 0.993649483 0.067349806 -0.059842054 0.995933175 -44.479564667
0.995227635 -0.062573113 -0.074875809 0.035155773 0.066446222 0.996516049 0.050403520 0.988070965 0.071461052 -0.055138193 0.995918214 -44.788749695
0.995145261 -0.061517455 -0.076821081 0.055111885 0.065717079 0.996408880 0.053390305 0.987088680 0.073260784 -0.058179561 0.995614409 -45.098346710
0.995484054 -0.056242958 -0.076473586 0.056567907 0.060742330 0.996476233 0.057840243 0.980915070 0.072950996 -0.062224220 0.995392501 -45.473857880
0.994854510 -0.064596303 -0.078049488 0.087154150 0.068943471 0.996139050 0.054347627 0.972000599 0.074237473 -0.059448976 0.995467126 -45.706474304
0.995578945 -0.061661880 -0.070854850 0.066487551 0.065406695 0.996512949 0.051805250 0.975752115 0.067413367 -0.056210607 0.996140480 -46.046501160
0.995900393 -0.061630655 -0.066210836 0.055245876 0.065157965 0.996492743 0.052504238 0.970237494 0.062742747 -0.056603149 0.996423364 -46.416828156
0.995738328 -0.064441241 -0.065973163 0.080039740 0.068004876 0.996261477 0.053275246 0.955995083 0.062293410 -0.057534710 0.996398091 -46.856872559
0.996120155 -0.059201438 -0.065113001 0.086893559 0.062992901 0.996338546 0.057804663 0.953007460 0.061452474 -0.061682045 0.996202230 -47.249511719
0.996029317 -0.064196162 -0.061679617 0.107336760 0.067711480 0.996092439 0.056701466 0.944215775 0.057798594 -0.060652744 0.996484101 -47.583095551
0.996554732 -0.061279193 -0.055887625 0.107357264 0.064131916 0.996649504 0.050764248 0.939407349 0.052589577 -0.054173540 0.997145712 -47.970783234
0.996306002 -0.067289822 -0.053351857 0.119578123 0.069857702 0.996410012 0.047822155 0.929104567 0.049942382 -0.051372547 0.997430027 -48.370346069
0.996356666 -0.065542378 -0.054567244 0.123983383 0.068641961 0.996011019 0.057011295 0.913844109 0.050612923 -0.060549188 0.996881247 -48.749629974
0.996839643 -0.061665587 -0.050080899 0.128053188 0.064187713 0.996663332 0.050418805 0.914951324 0.046804693 -0.053474046 0.997471750 -49.120079041
0.997141838 -0.062430043 -0.042551413 0.129469395 0.064594358 0.996579587 0.051542841 0.919552565 0.039188050 -0.054144107 0.997763872 -49.463813782
0.997344315 -0.064652607 -0.033535652 0.126016021 0.066183843 0.996711254 0.046758652 0.922047853 0.030402292 -0.048853979 0.998343110 -49.823375702
0.997543395 -0.065876141 -0.023822382 0.131518006 0.067043953 0.996389151 0.052092541 0.908324957 0.020304712 -0.053561714 0.998358071 -50.214839935
0.997972310 -0.062408350 -0.012507334 0.107258022 0.063062623 0.996114373 0.061475504 0.901418686 0.008622151 -0.062139601 0.998030186 -50.574943542
0.998019814 -0.062887743 -0.001273918 0.099285178 0.062857874 0.996389925 0.057062071 0.914304972 -0.002319186 -0.057029150 0.998369813 -50.787422180
0.998262465 -0.058813576 0.003616504 0.084034979 0.058504965 0.996596098 0.058083851 0.925111055 -0.007020315 -0.057771347 0.998305142 -51.054279327
0.997898817 -0.062810019 0.015902577 0.033965230 0.061840106 0.996541679 0.055502437 0.934834480 -0.019333689 -0.054402400 0.998331904 -51.348033905
0.997722507 -0.065041147 0.017873466 0.023705781 0.063925207 0.996315718 0.057173055 0.911518812 -0.021526214 -0.055900291 0.998204291 -51.754306793
0.997944713 -0.060651351 0.020682838 -0.005965233 0.059338037 0.996487260 0.059093826 0.931723595 -0.024194306 -0.057745092 0.998038173 -52.071475983
0.997691453 -0.065023936 0.019585593 -0.034290910 0.063861601 0.996439159 0.055051666 0.900380850 -0.023095531 -0.053673804 0.998291373 -52.527416229
0.997859776 -0.064808339 0.008699290 -0.055513561 0.064199574 0.996256709 0.057887331 0.879341841 -0.012418311 -0.057204936 0.998285174 -52.994331360
0.997950494 -0.063816816 0.004703442 -0.063799679 0.063441522 0.996324241 0.057560179 0.873627186 -0.008359459 -0.057143807 0.998330891 -53.360031128
0.998265743 -0.058771167 0.003382134 -0.101651698 0.058438700 0.996271253 0.063470602 0.875351667 -0.007099763 -0.063162878 0.997977912 -53.800647736
0.997846067 -0.065581687 0.001495853 -0.108170345 0.065371804 0.996030569 0.060411882 0.842487335 -0.005451829 -0.060183972 0.998172402 -54.271606445
0.998051941 -0.062052850 -0.006460530 -0.141111135 0.062317368 0.996493578 0.055830151 0.842775345 0.002973457 -0.056123991 0.998419404 -54.751289368
0.997471154 -0.069197044 -0.016217189 -0.137603521 0.070058726 0.995704174 0.060537808 0.842144728 0.011958484 -0.061520871 0.998034179 -55.180713654
0.998082817 -0.059670806 -0.016433788 -0.172198951 0.060578391 0.996249974 0.061775427 0.830338717 0.012685970 -0.062652528 0.997954726 -55.643684387
0.997498691 -0.069905698 -0.010470344 -0.168109417 0.070416741 0.995648384 0.061038543 0.804227591 0.006157838 -0.061623152 0.998080552 -56.055030823
0.998062491 -0.061601527 -0.008748107 -0.191680551 0.061997190 0.996493280 0.056191169 0.799782753 0.005255970 -0.056624658 0.998381615 -56.444313049
0.997712612 -0.067376867 -0.005472252 -0.199322939 0.067571506 0.996334791 0.052449830 0.793985128 0.001918290 -0.052699618 0.998608530 -56.795104980
0.997852147 -0.065414727 -0.003472461 -0.216548473 0.065506570 0.996296227 0.055701964 0.782970667 -0.000184129 -0.055809788 0.998441398 -57.163799286
0.997817695 -0.065809049 0.005386188 -0.228910729 0.065462030 0.996619225 0.049646854 0.780448198 -0.008635191 -0.049185928 0.998752296 -57.532775879
0.997645080 -0.068351753 0.005688718 -0.240139574 0.067932010 0.996142149 0.055552375 0.770803452 -0.009463874 -0.055035111 0.998439491 -57.901733398
0.997864485 -0.065317497 -0.000566588 -0.260205567 0.065242000 0.996212304 0.057485424 0.764204979 -0.003190364 -0.057399623 0.998346210 -58.275432587
0.997600853 -0.068901099 -0.006715951 -0.268747240 0.069170408 0.996018171 0.056243256 0.755256891 0.002813987 -0.056572873 0.998394489 -58.637611389
0.997724891 -0.066400141 -0.011669027 -0.288271129 0.066956162 0.996156931 0.056464806 0.750253916 0.007874911 -0.057117652 0.998336375 -59.043701172
0.997788072 -0.065857910 -0.009038221 -0.301397264 0.066274181 0.996098876 0.058264006 0.744569302 0.005165818 -0.058734130 0.998260260 -59.492851257
0.997559071 -0.069429442 -0.007446676 -0.315527976 0.069714122 0.996336639 0.049532503 0.726667643 0.003980380 -0.049930736 0.998744667 -59.985275269
0.997523665 -0.069826804 -0.008402917 -0.335357130 0.070173152 0.996151209 0.052521124 0.714652061 0.004703194 -0.052980721 0.998584569 -60.470611572
0.997442067 -0.069869481 -0.015086982 -0.345946610 0.070562750 0.996163905 0.051753052 0.708893299 0.011413150 -0.052685238 0.998545945 -60.917972565
0.997510612 -0.069730803 -0.010495745 -0.359374940 0.070218220 0.995900750 0.057018064 0.694148302 0.006476805 -0.057613116 0.998317957 -61.398502350
0.997263968 -0.072911307 -0.012188124 -0.374080122 0.073475368 0.995776415 0.055051606 0.678576946 0.008122763 -0.055796508 0.998409092 -61.843490601
0.997373879 -0.071676783 -0.010389244 -0.383960009 0.072142459 0.995873749 0.055054598 0.679243565 0.006400241 -0.055659525 0.998429239 -62.253074646
0.997455716 -0.070333719 -0.011626576 -0.402671814 0.070901379 0.995727837 0.059153330 0.672129631 0.007416429 -0.059827171 0.998181164 -62.668025970
0.997608662 -0.069051042 -0.002977757 -0.425519526 0.069113731 0.996376336 0.049572505 0.653993607 -0.000456067 -0.049659766 0.998766065 -63.106384277
0.997231245 -0.074358873 0.000784590 -0.432230383 0.074234620 0.996073782 0.048230551 0.638115168 -0.004367878 -0.048038770 0.998835921 -63.519020081
0.997315645 -0.073202759 0.001652998 -0.457899034 0.073003694 0.995836675 0.054588035 0.644152164 -0.005642110 -0.054320838 0.998507500 -63.905445099
0.997403502 -0.072006099 -0.001187901 -0.472812712 0.071960673 0.995856941 0.055592865 0.634868860 -0.002820046 -0.055533994 0.998452842 -64.269409180
0.997792482 -0.066368498 0.002313503 -0.494824648 0.066087797 0.995787799 0.063553527 0.639640808 -0.006521711 -0.063260354 0.997975707 -64.632415771
0.997587144 -0.068328984 0.012290385 -0.533491552 0.067479655 0.995931149 0.059729777 0.623096466 -0.016321655 -0.058756307 0.998138905 -65.052474976
0.997613668 -0.067676835 0.013663218 -0.557687521 0.066744335 0.995968223 0.059935942 0.615011454 -0.017664406 -0.058880981 0.998108685 -65.524215698
0.996999204 -0.077025056 0.007720711 -0.567686439 0.076403961 0.995157719 0.061834224 0.602715015 -0.012446110 -0.061058786 0.998056591 -66.004547119
0.997527063 -0.070105560 -0.004993521 -0.575381339 0.070278041 0.995791674 0.058820184 0.603315353 0.000848886 -0.059025668 0.998256087 -66.425315857
0.997441649 -0.070147634 -0.013765554 -0.609793246 0.070879519 0.995496929 0.062943988 0.586420059 0.009288197 -0.063758664 0.997922122 -66.950256348
0.997109175 -0.072258659 -0.023494519 -0.627099872 0.073471665 0.995741367 0.055686481 0.565104008 0.019370636 -0.057251677 0.998171866 -67.482055664
0.996465683 -0.076718800 -0.034211431 -0.602325201 0.078682460 0.995073259 0.060317580 0.561220646 0.029415386 -0.062796243 0.997592807 -67.906654358
0.996484697 -0.070080779 -0.045900501 -0.627121687 0.072899342 0.995352685 0.062918566 0.559816360 0.041277803 -0.066043511 0.996962607 -68.389755249
0.995990634 -0.073713586 -0.050684597 -0.619397163 0.076737463 0.995210767 0.060556062 0.543440819 0.045978047 -0.064202689 0.996877134 -68.826179504
0.995947182 -0.071382158 -0.054715853 -0.622905970 0.074118242 0.996009111 0.049721487 0.518696070 0.050948255 -0.053575411 0.997263193 -69.287910461
0.995811284 -0.072413884 -0.055822499 -0.612900257 0.074988373 0.996146262 0.045491494 0.515722513 0.052313145 -0.049486984 0.997403741 -69.679397583
0.996298850 -0.066609524 -0.054330021 -0.608116388 0.069747537 0.995873272 0.058066335 0.531488419 0.050238032 -0.061640806 0.996833324 -69.944877625
0.996301353 -0.065463990 -0.055661071 -0.607585669 0.068643741 0.995995760 0.057274956 0.501849651 0.051688742 -0.060883891 0.996805549 -70.344383240
0.996112347 -0.075006545 -0.046196487 -0.597752810 0.077451669 0.995552599 0.053632643 0.497074366 0.041968230 -0.057002138 0.997491658 -70.609481812
0.996378303 -0.072577409 -0.044301871 -0.602327108 0.074880004 0.995796978 0.052740008 0.490673065 0.040287934 -0.055866338 0.997625172 -70.861228943
0.996470273 -0.071473032 -0.044031478 -0.602072716 0.073747233 0.995899856 0.052393097 0.493634701 0.040106244 -0.055455364 0.997655392 -71.119178772
0.996022165 -0.076655313 -0.045427665 -0.602078676 0.078838624 0.995712161 0.048393968 0.492502689 0.041523207 -0.051782940 0.997794747 -71.265312195
0.996165633 -0.073482685 -0.047479827 -0.595162392 0.075871535 0.995830953 0.050637901 0.486691475 0.043560866 -0.054046106 0.997587919 -71.349655151
0.996094704 -0.074118301 -0.047975995 -0.596752405 0.076542594 0.995769441 0.050836075 0.492623568 0.044005148 -0.054309763 0.997553945 -71.367347717
0.996003568 -0.075219020 -0.048155066 -0.597628355 0.077736638 0.995578051 0.052737236 0.491068363 0.043975286 -0.056269892 0.997446656 -71.375549316
0.996026933 -0.074705496 -0.048471566 -0.590276480 0.077228539 0.995632827 0.052452900 0.486636639 0.044341359 -0.055987887 0.997446358 -71.365951538
0.996010005 -0.075116724 -0.048182953 -0.591165066 0.077607140 0.995622754 0.052084200 0.487475634 0.044059645 -0.055615731 0.997479618 -71.360626221
0.996041238 -0.074973255 -0.047760922 -0.593101978 0.077458329 0.995612502 0.052498296 0.486145258 0.043615412 -0.055989943 0.997478187 -71.357994080
0.996060669 -0.074701354 -0.047780428 -0.592662811 0.077187948 0.995633185 0.052505430 0.486110687 0.043649558 -0.055986669 0.997476876 -71.355270386
0.996083438 -0.074451581 -0.047695249 -0.592404127 0.076923274 0.995665967 0.052271344 0.486724377 0.043596856 -0.055735487 0.997493267 -71.354026794
0.996095002 -0.074392632 -0.047544438 -0.593528271 0.076857693 0.995668888 0.052311845 0.486228943 0.043446906 -0.055761728 0.997498333 -71.357971191
0.996046066 -0.074906714 -0.047764264 -0.589926243 0.077390626 0.995619416 0.052466854 0.485695124 0.043624915 -0.055955902 0.997479677 -71.337882996
